,TI_Wheat_Puebla_de_Guzman,TI_Wheat_Bollullos,TI_Wheat_Lucena,TI_Wheat_Calaxas,TI_Guada_Wheat,TI_Guada_Barley,TI_Guada_Rye,TI_Guada_Oats,TI_Aragon_Wheat,TI_Aragon_Other_grains,TI_Menorca_Grain,TI_Swiss_18_Romainmotier,TI_Swiss_18_Moudon,TI_Swiss_18_Lausanne,TI_Swiss_18_Nidau,TI_Swiss_18_Gottstatt,TI_Swiss_18_Stift.Bern,TI_Swiss_18_Frienisberg,TI_Swiss_18_Spital,TI_Swiss_18_Koniz,TI_Swiss_18_Trachselwald,TI_Swiss_18_Burgdorf,TI_Swiss_18_Wangen,TI_Swiss_18_Zofingen,TI_Swiss_18_Konigsfelden,TI_Swiss_18_Fraumunsteramt,TI_Swiss_18_Wadenswil,TI_Swiss_18_Toss,TI_Swiss_18_Cappelerhof,TI_Geneve,TI_Sweden_indivgrain_Wheat_Ostergotland,TI_Sweden_indivgrain_Rye_Ostergotland,TI_Sweden_indivgrain_Barley_Ostergotland,TI_Sweden_indivgrain_Oats_Ostergotland,TI_Sweden_indivgrain_Wheat_Uppland,TI_Sweden_indivgrain_Rye_Uppland,TI_Sweden_indivgrain_Barley_Uppland,TI_Sweden_indivgrain_Oats_Uppland,TI_Sweden_indivgrain_Wheat_Vastmanland,TI_Sweden_indivgrain_Rye_Vastmanland,TI_Sweden_indivgrain_Barley_Vastmanland,TI_Sweden_indivgrain_Oats_Vastmanland,TI_Sweden_indivgrain_Wheat_Sodermanland,TI_Sweden_indivgrain_Rye_Sodermanland,TI_Sweden_indivgrain_Barley_Sodermanland,TI_Sweden_indivgrain_Oats_Sodermanland,TI_Sweden_indivgrain_Wheat_Stockholm,TI_Sweden_indivgrain_Rye_Stockholm,TI_Sweden_indivgrain_Barley_Stockholm,TI_Sweden_indivgrain_Oats_Stockholm,TI_Sweden_indivgrain_Wheat_Kopparberg,TI_Sweden_indivgrain_Rye_Kopparberg,TI_Sweden_indivgrain_Barley_Kopparberg,TI_Sweden_indivgrain_Oats_Kopparberg,TI_Sweden_indivgrain_Wheat_Varmland,TI_Sweden_indivgrain_Rye_Varmland,TI_Sweden_indivgrain_Barley_Varmland,TI_Sweden_indivgrain_Oats_Varmland,TI_Sweden_indivgrain_Wheat_Orebro,TI_Sweden_indivgrain_Rye_Orebro,TI_Sweden_indivgrain_Barley_Orebro,TI_Sweden_indivgrain_Oats_Orebro,TI_Galicia_Mondonedo,TI_Galicia_Santiago_(A),TI_Galicia_Santiago_(B),TI_Galicia_Orense,TI_Galicia_Galice,YR_Basle_rye,YR_Zurich_rye,YR_Winterthur_rye,YR_Basle_spelt,YR_Zurich_spelt,YR_Winterthur_spelt,YR_St-Gall_spelt,YR_Wheat_Spain_El_Rincon,YR_Wheat_Spain_La_Burguilla,YR_Wheat_Spain_Madrigalejo,YR_Wheat_Spain_La_Vega,YR_Wheat_Spain_Quintanajuar,YR_Wheat_Spain_Matallana,YR_Wheat_Spain_Panguia,YR_Wheat_Spain_Rinconada_Alta
Longitude,-7.25,-6.13333,-4.48,-6.87933,-3.161,-3.161,-3.161,-3.161,-0.9,-0.9,4.26583,6.4608,6.7975,6.6323,7.2369,7.313,7.4474,7.331,8.7669,7.4167,7.7392,7.6272,8.8975,7.9448,8.2176,8.5414,8.6718,8.7034,8.25554,6.14,15.5198,15.5198,15.5198,15.5198,17.2715,17.2715,17.2715,17.2715,16.2159,16.2159,16.2159,16.2159,16.7519,16.7519,16.7519,16.7519,18.1384,18.1384,18.1384,18.1384,14.6664,14.6664,14.6664,14.6664,13.2354,13.2354,13.2354,13.2354,15.0066,15.0066,15.0066,15.0066,-7.36,-8.56,-8.54,-7.86,-8.1,7.59056,8.55,8.728,7.59056,8.55,8.728,9.37083,-5.1967,-5.24,-5.6261,-5.8123,-3.66,-5.5204,-6.34,-5.9816
Latitude,37.61,37.3333,37.40881,37.6548,40.6286,40.6286,40.6286,40.6286,41.65,41.65,39.88,46.6944,46.6699,46.5197,47.1245,47.1372,46.948,47.0273,47.08,46.9256,47.017,47.0559,47.1864,47.2888,47.4802,47.3697,47.2297,47.4855,47.50213,46.20439,58.3454,58.3454,58.3454,58.3454,60.0092,60.0092,60.0092,60.0092,59.6714,59.6714,59.6714,59.6714,59.0336,59.0336,59.0336,59.0336,59.6025,59.6025,59.6025,59.6025,61.0917,61.0917,61.0917,61.0917,59.7294,59.7294,59.7294,59.7294,59.535,59.535,59.535,59.535,43.43,42.87,42.85,42.34,42.5,47.5547,47.36666,47.49888,47.5547,47.36666,47.49888,47.42417,39.7046,39.71,39.1371,39.0769,42.62,42.8666,40.19,37.4873
,,,,,,,,,,,,,,,,,,,,,,,,,,,,,,,,,,,,,,,,,,,,,,,,,,,,,,,,,,,,,,,,,,,,,,,,,,,,,,,,,,
Year,,,,,,,,,,,,,,,,,,,,,,,,,,,,,,,,,,,,,,,,,,,,,,,,,,,,,,,,,,,,,,,,,,,,,,,,,,,,,,,,,,
1200,,,,,,,,,,,,,,,,,,,,,,,,,,,,,,,,,,,,,,,,,,,,,,,,,,,,,,,,,,,,,,,,,,,,,,,,,,,,,,,,,,
1201,,,,,,,,,,,,,,,,,,,,,,,,,,,,,,,,,,,,,,,,,,,,,,,,,,,,,,,,,,,,,,,,,,,,,,,,,,,,,,,,,,
1202,,,,,,,,,,,,,,,,,,,,,,,,,,,,,,,,,,,,,,,,,,,,,,,,,,,,,,,,,,,,,,,,,,,,,,,,,,,,,,,,,,
1203,,,,,,,,,,,,,,,,,,,,,,,,,,,,,,,,,,,,,,,,,,,,,,,,,,,,,,,,,,,,,,,,,,,,,,,,,,,,,,,,,,
1204,,,,,,,,,,,,,,,,,,,,,,,,,,,,,,,,,,,,,,,,,,,,,,,,,,,,,,,,,,,,,,,,,,,,,,,,,,,,,,,,,,
1205,,,,,,,,,,,,,,,,,,,,,,,,,,,,,,,,,,,,,,,,,,,,,,,,,,,,,,,,,,,,,,,,,,,,,,,,,,,,,,,,,,
1206,,,,,,,,,,,,,,,,,,,,,,,,,,,,,,,,,,,,,,,,,,,,,,,,,,,,,,,,,,,,,,,,,,,,,,,,,,,,,,,,,,
1207,,,,,,,,,,,,,,,,,,,,,,,,,,,,,,,,,,,,,,,,,,,,,,,,,,,,,,,,,,,,,,,,,,,,,,,,,,,,,,,,,,
1208,,,,,,,,,,,,,,,,,,,,,,,,,,,,,,,,,,,,,,,,,,,,,,,,,,,,,,,,,,,,,,,,,,,,,,,,,,,,,,,,,,
1209,,,,,,,,,,,,,,,,,,,,,,,,,,,,,,,,,,,,,,,,,,,,,,,,,,,,,,,,,,,,,,,,,,,,,,,,,,,,,,,,,,
1210,,,,,,,,,,,,,,,,,,,,,,,,,,,,,,,,,,,,,,,,,,,,,,,,,,,,,,,,,,,,,,,,,,,,,,,,,,,,,,,,,,
1211,,,,,,,,,,,,,,,,,,,,,,,,,,,,,,,,,,,,,,,,,,,,,,,,,,,,,,,,,,,,,,,,,,,,,,,,,,,,,,,,,,
1212,,,,,,,,,,,,,,,,,,,,,,,,,,,,,,,,,,,,,,,,,,,,,,,,,,,,,,,,,,,,,,,,,,,,,,,,,,,,,,,,,,
1213,,,,,,,,,,,,,,,,,,,,,,,,,,,,,,,,,,,,,,,,,,,,,,,,,,,,,,,,,,,,,,,,,,,,,,,,,,,,,,,,,,
1214,,,,,,,,,,,,,,,,,,,,,,,,,,,,,,,,,,,,,,,,,,,,,,,,,,,,,,,,,,,,,,,,,,,,,,,,,,,,,,,,,,
1215,,,,,,,,,,,,,,,,,,,,,,,,,,,,,,,,,,,,,,,,,,,,,,,,,,,,,,,,,,,,,,,,,,,,,,,,,,,,,,,,,,
1216,,,,,,,,,,,,,,,,,,,,,,,,,,,,,,,,,,,,,,,,,,,,,,,,,,,,,,,,,,,,,,,,,,,,,,,,,,,,,,,,,,
1217,,,,,,,,,,,,,,,,,,,,,,,,,,,,,,,,,,,,,,,,,,,,,,,,,,,,,,,,,,,,,,,,,,,,,,,,,,,,,,,,,,
1218,,,,,,,,,,,,,,,,,,,,,,,,,,,,,,,,,,,,,,,,,,,,,,,,,,,,,,,,,,,,,,,,,,,,,,,,,,,,,,,,,,
1219,,,,,,,,,,,,,,,,,,,,,,,,,,,,,,,,,,,,,,,,,,,,,,,,,,,,,,,,,,,,,,,,,,,,,,,,,,,,,,,,,,
1220,,,,,,,,,,,,,,,,,,,,,,,,,,,,,,,,,,,,,,,,,,,,,,,,,,,,,,,,,,,,,,,,,,,,,,,,,,,,,,,,,,
1221,,,,,,,,,,,,,,,,,,,,,,,,,,,,,,,,,,,,,,,,,,,,,,,,,,,,,,,,,,,,,,,,,,,,,,,,,,,,,,,,,,
1222,,,,,,,,,,,,,,,,,,,,,,,,,,,,,,,,,,,,,,,,,,,,,,,,,,,,,,,,,,,,,,,,,,,,,,,,,,,,,,,,,,
1223,,,,,,,,,,,,,,,,,,,,,,,,,,,,,,,,,,,,,,,,,,,,,,,,,,,,,,,,,,,,,,,,,,,,,,,,,,,,,,,,,,
1224,,,,,,,,,,,,,,,,,,,,,,,,,,,,,,,,,,,,,,,,,,,,,,,,,,,,,,,,,,,,,,,,,,,,,,,,,,,,,,,,,,
1225,,,,,,,,,,,,,,,,,,,,,,,,,,,,,,,,,,,,,,,,,,,,,,,,,,,,,,,,,,,,,,,,,,,,,,,,,,,,,,,,,,
1226,,,,,,,,,,,,,,,,,,,,,,,,,,,,,,,,,,,,,,,,,,,,,,,,,,,,,,,,,,,,,,,,,,,,,,,,,,,,,,,,,,
1227,,,,,,,,,,,,,,,,,,,,,,,,,,,,,,,,,,,,,,,,,,,,,,,,,,,,,,,,,,,,,,,,,,,,,,,,,,,,,,,,,,
1228,,,,,,,,,,,,,,,,,,,,,,,,,,,,,,,,,,,,,,,,,,,,,,,,,,,,,,,,,,,,,,,,,,,,,,,,,,,,,,,,,,
1229,,,,,,,,,,,,,,,,,,,,,,,,,,,,,,,,,,,,,,,,,,,,,,,,,,,,,,,,,,,,,,,,,,,,,,,,,,,,,,,,,,
1230,,,,,,,,,,,,,,,,,,,,,,,,,,,,,,,,,,,,,,,,,,,,,,,,,,,,,,,,,,,,,,,,,,,,,,,,,,,,,,,,,,
1231,,,,,,,,,,,,,,,,,,,,,,,,,,,,,,,,,,,,,,,,,,,,,,,,,,,,,,,,,,,,,,,,,,,,,,,,,,,,,,,,,,
1232,,,,,,,,,,,,,,,,,,,,,,,,,,,,,,,,,,,,,,,,,,,,,,,,,,,,,,,,,,,,,,,,,,,,,,,,,,,,,,,,,,
1233,,,,,,,,,,,,,,,,,,,,,,,,,,,,,,,,,,,,,,,,,,,,,,,,,,,,,,,,,,,,,,,,,,,,,,,,,,,,,,,,,,
1234,,,,,,,,,,,,,,,,,,,,,,,,,,,,,,,,,,,,,,,,,,,,,,,,,,,,,,,,,,,,,,,,,,,,,,,,,,,,,,,,,,
1235,,,,,,,,,,,,,,,,,,,,,,,,,,,,,,,,,,,,,,,,,,,,,,,,,,,,,,,,,,,,,,,,,,,,,,,,,,,,,,,,,,
1236,,,,,,,,,,,,,,,,,,,,,,,,,,,,,,,,,,,,,,,,,,,,,,,,,,,,,,,,,,,,,,,,,,,,,,,,,,,,,,,,,,
1237,,,,,,,,,,,,,,,,,,,,,,,,,,,,,,,,,,,,,,,,,,,,,,,,,,,,,,,,,,,,,,,,,,,,,,,,,,,,,,,,,,
1238,,,,,,,,,,,,,,,,,,,,,,,,,,,,,,,,,,,,,,,,,,,,,,,,,,,,,,,,,,,,,,,,,,,,,,,,,,,,,,,,,,
1239,,,,,,,,,,,,,,,,,,,,,,,,,,,,,,,,,,,,,,,,,,,,,,,,,,,,,,,,,,,,,,,,,,,,,,,,,,,,,,,,,,
1240,,,,,,,,,,,,,,,,,,,,,,,,,,,,,,,,,,,,,,,,,,,,,,,,,,,,,,,,,,,,,,,,,,,,,,,,,,,,,,,,,,
1241,,,,,,,,,,,,,,,,,,,,,,,,,,,,,,,,,,,,,,,,,,,,,,,,,,,,,,,,,,,,,,,,,,,,,,,,,,,,,,,,,,
1242,,,,,,,,,,,,,,,,,,,,,,,,,,,,,,,,,,,,,,,,,,,,,,,,,,,,,,,,,,,,,,,,,,,,,,,,,,,,,,,,,,
1243,,,,,,,,,,,,,,,,,,,,,,,,,,,,,,,,,,,,,,,,,,,,,,,,,,,,,,,,,,,,,,,,,,,,,,,,,,,,,,,,,,
1244,,,,,,,,,,,,,,,,,,,,,,,,,,,,,,,,,,,,,,,,,,,,,,,,,,,,,,,,,,,,,,,,,,,,,,,,,,,,,,,,,,
1245,,,,,,,,,,,,,,,,,,,,,,,,,,,,,,,,,,,,,,,,,,,,,,,,,,,,,,,,,,,,,,,,,,,,,,,,,,,,,,,,,,
1246,,,,,,,,,,,,,,,,,,,,,,,,,,,,,,,,,,,,,,,,,,,,,,,,,,,,,,,,,,,,,,,,,,,,,,,,,,,,,,,,,,
1247,,,,,,,,,,,,,,,,,,,,,,,,,,,,,,,,,,,,,,,,,,,,,,,,,,,,,,,,,,,,,,,,,,,,,,,,,,,,,,,,,,
1248,,,,,,,,,,,,,,,,,,,,,,,,,,,,,,,,,,,,,,,,,,,,,,,,,,,,,,,,,,,,,,,,,,,,,,,,,,,,,,,,,,
1249,,,,,,,,,,,,,,,,,,,,,,,,,,,,,,,,,,,,,,,,,,,,,,,,,,,,,,,,,,,,,,,,,,,,,,,,,,,,,,,,,,
1250,,,,,,,,,,,,,,,,,,,,,,,,,,,,,,,,,,,,,,,,,,,,,,,,,,,,,,,,,,,,,,,,,,,,,,,,,,,,,,,,,,
1251,,,,,,,,,,,,,,,,,,,,,,,,,,,,,,,,,,,,,,,,,,,,,,,,,,,,,,,,,,,,,,,,,,,,,,,,,,,,,,,,,,
1252,,,,,,,,,,,,,,,,,,,,,,,,,,,,,,,,,,,,,,,,,,,,,,,,,,,,,,,,,,,,,,,,,,,,,,,,,,,,,,,,,,
1253,,,,,,,,,,,,,,,,,,,,,,,,,,,,,,,,,,,,,,,,,,,,,,,,,,,,,,,,,,,,,,,,,,,,,,,,,,,,,,,,,,
1254,,,,,,,,,,,,,,,,,,,,,,,,,,,,,,,,,,,,,,,,,,,,,,,,,,,,,,,,,,,,,,,,,,,,,,,,,,,,,,,,,,
1255,,,,,,,,,,,,,,,,,,,,,,,,,,,,,,,,,,,,,,,,,,,,,,,,,,,,,,,,,,,,,,,,,,,,,,,,,,,,,,,,,,
1256,,,,,,,,,,,,,,,,,,,,,,,,,,,,,,,,,,,,,,,,,,,,,,,,,,,,,,,,,,,,,,,,,,,,,,,,,,,,,,,,,,
1257,,,,,,,,,,,,,,,,,,,,,,,,,,,,,,,,,,,,,,,,,,,,,,,,,,,,,,,,,,,,,,,,,,,,,,,,,,,,,,,,,,
1258,,,,,,,,,,,,,,,,,,,,,,,,,,,,,,,,,,,,,,,,,,,,,,,,,,,,,,,,,,,,,,,,,,,,,,,,,,,,,,,,,,
1259,,,,,,,,,,,,,,,,,,,,,,,,,,,,,,,,,,,,,,,,,,,,,,,,,,,,,,,,,,,,,,,,,,,,,,,,,,,,,,,,,,
1260,,,,,,,,,,,,,,,,,,,,,,,,,,,,,,,,,,,,,,,,,,,,,,,,,,,,,,,,,,,,,,,,,,,,,,,,,,,,,,,,,,
1261,,,,,,,,,,,,,,,,,,,,,,,,,,,,,,,,,,,,,,,,,,,,,,,,,,,,,,,,,,,,,,,,,,,,,,,,,,,,,,,,,,
1262,,,,,,,,,,,,,,,,,,,,,,,,,,,,,,,,,,,,,,,,,,,,,,,,,,,,,,,,,,,,,,,,,,,,,,,,,,,,,,,,,,
1263,,,,,,,,,,,,,,,,,,,,,,,,,,,,,,,,,,,,,,,,,,,,,,,,,,,,,,,,,,,,,,,,,,,,,,,,,,,,,,,,,,
1264,,,,,,,,,,,,,,,,,,,,,,,,,,,,,,,,,,,,,,,,,,,,,,,,,,,,,,,,,,,,,,,,,,,,,,,,,,,,,,,,,,
1265,,,,,,,,,,,,,,,,,,,,,,,,,,,,,,,,,,,,,,,,,,,,,,,,,,,,,,,,,,,,,,,,,,,,,,,,,,,,,,,,,,
1266,,,,,,,,,,,,,,,,,,,,,,,,,,,,,,,,,,,,,,,,,,,,,,,,,,,,,,,,,,,,,,,,,,,,,,,,,,,,,,,,,,
1267,,,,,,,,,,,,,,,,,,,,,,,,,,,,,,,,,,,,,,,,,,,,,,,,,,,,,,,,,,,,,,,,,,,,,,,,,,,,,,,,,,
1268,,,,,,,,,,,,,,,,,,,,,,,,,,,,,,,,,,,,,,,,,,,,,,,,,,,,,,,,,,,,,,,,,,,,,,,,,,,,,,,,,,
1269,,,,,,,,,,,,,,,,,,,,,,,,,,,,,,,,,,,,,,,,,,,,,,,,,,,,,,,,,,,,,,,,,,,,,,,,,,,,,,,,,,
1270,,,,,,,,,,,,,,,,,,,,,,,,,,,,,,,,,,,,,,,,,,,,,,,,,,,,,,,,,,,,,,,,,,,,,,,,,,,,,,,,,,
1271,,,,,,,,,,,,,,,,,,,,,,,,,,,,,,,,,,,,,,,,,,,,,,,,,,,,,,,,,,,,,,,,,,,,,,,,,,,,,,,,,,
1272,,,,,,,,,,,,,,,,,,,,,,,,,,,,,,,,,,,,,,,,,,,,,,,,,,,,,,,,,,,,,,,,,,,,,,,,,,,,,,,,,,
1273,,,,,,,,,,,,,,,,,,,,,,,,,,,,,,,,,,,,,,,,,,,,,,,,,,,,,,,,,,,,,,,,,,,,,,,,,,,,,,,,,,
1274,,,,,,,,,,,,,,,,,,,,,,,,,,,,,,,,,,,,,,,,,,,,,,,,,,,,,,,,,,,,,,,,,,,,,,,,,,,,,,,,,,
1275,,,,,,,,,,,,,,,,,,,,,,,,,,,,,,,,,,,,,,,,,,,,,,,,,,,,,,,,,,,,,,,,,,,,,,,,,,,,,,,,,,
1276,,,,,,,,,,,,,,,,,,,,,,,,,,,,,,,,,,,,,,,,,,,,,,,,,,,,,,,,,,,,,,,,,,,,,,,,,,,,,,,,,,
1277,,,,,,,,,,,,,,,,,,,,,,,,,,,,,,,,,,,,,,,,,,,,,,,,,,,,,,,,,,,,,,,,,,,,,,,,,,,,,,,,,,
1278,,,,,,,,,,,,,,,,,,,,,,,,,,,,,,,,,,,,,,,,,,,,,,,,,,,,,,,,,,,,,,,,,,,,,,,,,,,,,,,,,,
1279,,,,,,,,,,,,,,,,,,,,,,,,,,,,,,,,,,,,,,,,,,,,,,,,,,,,,,,,,,,,,,,,,,,,,,,,,,,,,,,,,,
1280,,,,,,,,,,,,,,,,,,,,,,,,,,,,,,,,,,,,,,,,,,,,,,,,,,,,,,,,,,,,,,,,,,,,,,,,,,,,,,,,,,
1281,,,,,,,,,,,,,,,,,,,,,,,,,,,,,,,,,,,,,,,,,,,,,,,,,,,,,,,,,,,,,,,,,,,,,,,,,,,,,,,,,,
1282,,,,,,,,,,,,,,,,,,,,,,,,,,,,,,,,,,,,,,,,,,,,,,,,,,,,,,,,,,,,,,,,,,,,,,,,,,,,,,,,,,
1283,,,,,,,,,,,,,,,,,,,,,,,,,,,,,,,,,,,,,,,,,,,,,,,,,,,,,,,,,,,,,,,,,,,,,,,,,,,,,,,,,,
1284,,,,,,,,,,,,,,,,,,,,,,,,,,,,,,,,,,,,,,,,,,,,,,,,,,,,,,,,,,,,,,,,,,,,,,,,,,,,,,,,,,
1285,,,,,,,,,,,,,,,,,,,,,,,,,,,,,,,,,,,,,,,,,,,,,,,,,,,,,,,,,,,,,,,,,,,,,,,,,,,,,,,,,,
1286,,,,,,,,,,,,,,,,,,,,,,,,,,,,,,,,,,,,,,,,,,,,,,,,,,,,,,,,,,,,,,,,,,,,,,,,,,,,,,,,,,
1287,,,,,,,,,,,,,,,,,,,,,,,,,,,,,,,,,,,,,,,,,,,,,,,,,,,,,,,,,,,,,,,,,,,,,,,,,,,,,,,,,,
1288,,,,,,,,,,,,,,,,,,,,,,,,,,,,,,,,,,,,,,,,,,,,,,,,,,,,,,,,,,,,,,,,,,,,,,,,,,,,,,,,,,
1289,,,,,,,,,,,,,,,,,,,,,,,,,,,,,,,,,,,,,,,,,,,,,,,,,,,,,,,,,,,,,,,,,,,,,,,,,,,,,,,,,,
1290,,,,,,,,,,,,,,,,,,,,,,,,,,,,,,,,,,,,,,,,,,,,,,,,,,,,,,,,,,,,,,,,,,,,,,,,,,,,,,,,,,
1291,,,,,,,,,,,,,,,,,,,,,,,,,,,,,,,,,,,,,,,,,,,,,,,,,,,,,,,,,,,,,,,,,,,,,,,,,,,,,,,,,,
1292,,,,,,,,,,,,,,,,,,,,,,,,,,,,,,,,,,,,,,,,,,,,,,,,,,,,,,,,,,,,,,,,,,,,,,,,,,,,,,,,,,
1293,,,,,,,,,,,,,,,,,,,,,,,,,,,,,,,,,,,,,,,,,,,,,,,,,,,,,,,,,,,,,,,,,,,,,,,,,,,,,,,,,,
1294,,,,,,,,,,,,,,,,,,,,,,,,,,,,,,,,,,,,,,,,,,,,,,,,,,,,,,,,,,,,,,,,,,,,,,,,,,,,,,,,,,
1295,,,,,,,,,,,,,,,,,,,,,,,,,,,,,,,,,,,,,,,,,,,,,,,,,,,,,,,,,,,,,,,,,,,,,,,,,,,,,,,,,,
1296,,,,,,,,,,,,,,,,,,,,,,,,,,,,,,,,,,,,,,,,,,,,,,,,,,,,,,,,,,,,,,,,,,,,,,,,,,,,,,,,,,
1297,,,,,,,,,,,,,,,,,,,,,,,,,,,,,,,,,,,,,,,,,,,,,,,,,,,,,,,,,,,,,,,,,,,,,,,,,,,,,,,,,,
1298,,,,,,,,,,,,,,,,,,,,,,,,,,,,,,,,,,,,,,,,,,,,,,,,,,,,,,,,,,,,,,,,,,,,,,,,,,,,,,,,,,
1299,,,,,,,,,,,,,,,,,,,,,,,,,,,,,,,,,,,,,,,,,,,,,,,,,,,,,,,,,,,,,,,,,,,,,,,,,,,,,,,,,,
1300,,,,,,,,,,,,,,,,,,,,,,,,,,,,,,,,,,,,,,,,,,,,,,,,,,,,,,,,,,,,,,,,,,,,,,,,,,,,,,,,,,
1301,,,,,,,,,,,,,,,,,,,,,,,,,,,,,,,,,,,,,,,,,,,,,,,,,,,,,,,,,,,,,,,,,,,,,,,,,,,,,,,,,,
1302,,,,,,,,,,,,,,,,,,,,,,,,,,,,,,,,,,,,,,,,,,,,,,,,,,,,,,,,,,,,,,,,,,,,,,,,,,,,,,,,,,
1303,,,,,,,,,,,,,,,,,,,,,,,,,,,,,,,,,,,,,,,,,,,,,,,,,,,,,,,,,,,,,,,,,,,,,,,,,,,,,,,,,,
1304,,,,,,,,,,,,,,,,,,,,,,,,,,,,,,,,,,,,,,,,,,,,,,,,,,,,,,,,,,,,,,,,,,,,,,,,,,,,,,,,,,
1305,,,,,,,,,,,,,,,,,,,,,,,,,,,,,,,,,,,,,,,,,,,,,,,,,,,,,,,,,,,,,,,,,,,,,,,,,,,,,,,,,,
1306,,,,,,,,,,,,,,,,,,,,,,,,,,,,,,,,,,,,,,,,,,,,,,,,,,,,,,,,,,,,,,,,,,,,,,,,,,,,,,,,,,
1307,,,,,,,,,,,,,,,,,,,,,,,,,,,,,,,,,,,,,,,,,,,,,,,,,,,,,,,,,,,,,,,,,,,,,,,,,,,,,,,,,,
1308,,,,,,,,,,,,,,,,,,,,,,,,,,,,,,,,,,,,,,,,,,,,,,,,,,,,,,,,,,,,,,,,,,,,,,,,,,,,,,,,,,
1309,,,,,,,,,,,,,,,,,,,,,,,,,,,,,,,,,,,,,,,,,,,,,,,,,,,,,,,,,,,,,,,,,,,,,,,,,,,,,,,,,,
1310,,,,,,,,,,,,,,,,,,,,,,,,,,,,,,,,,,,,,,,,,,,,,,,,,,,,,,,,,,,,,,,,,,,,,,,,,,,,,,,,,,
1311,,,,,,,,,,,,,,,,,,,,,,,,,,,,,,,,,,,,,,,,,,,,,,,,,,,,,,,,,,,,,,,,,,,,,,,,,,,,,,,,,,
1312,,,,,,,,,,,,,,,,,,,,,,,,,,,,,,,,,,,,,,,,,,,,,,,,,,,,,,,,,,,,,,,,,,,,,,,,,,,,,,,,,,
1313,,,,,,,,,,,,,,,,,,,,,,,,,,,,,,,,,,,,,,,,,,,,,,,,,,,,,,,,,,,,,,,,,,,,,,,,,,,,,,,,,,
1314,,,,,,,,,,,,,,,,,,,,,,,,,,,,,,,,,,,,,,,,,,,,,,,,,,,,,,,,,,,,,,,,,,,,,,,,,,,,,,,,,,
1315,,,,,,,,,,,,,,,,,,,,,,,,,,,,,,,,,,,,,,,,,,,,,,,,,,,,,,,,,,,,,,,,,,,,,,,,,,,,,,,,,,
1316,,,,,,,,,,,,,,,,,,,,,,,,,,,,,,,,,,,,,,,,,,,,,,,,,,,,,,,,,,,,,,,,,,,,,,,,,,,,,,,,,,
1317,,,,,,,,,,,,,,,,,,,,,,,,,,,,,,,,,,,,,,,,,,,,,,,,,,,,,,,,,,,,,,,,,,,,,,,,,,,,,,,,,,
1318,,,,,,,,,,,,,,,,,,,,,,,,,,,,,,,,,,,,,,,,,,,,,,,,,,,,,,,,,,,,,,,,,,,,,,,,,,,,,,,,,,
1319,,,,,,,,,,,,,,,,,,,,,,,,,,,,,,,,,,,,,,,,,,,,,,,,,,,,,,,,,,,,,,,,,,,,,,,,,,,,,,,,,,
1320,,,,,,,,,,,,,,,,,,,,,,,,,,,,,,,,,,,,,,,,,,,,,,,,,,,,,,,,,,,,,,,,,,,,,,,,,,,,,,,,,,
1321,,,,,,,,,,,,,,,,,,,,,,,,,,,,,,,,,,,,,,,,,,,,,,,,,,,,,,,,,,,,,,,,,,,,,,,,,,,,,,,,,,
1322,,,,,,,,,,,,,,,,,,,,,,,,,,,,,,,,,,,,,,,,,,,,,,,,,,,,,,,,,,,,,,,,,,,,,,,,,,,,,,,,,,
1323,,,,,,,,,,,,,,,,,,,,,,,,,,,,,,,,,,,,,,,,,,,,,,,,,,,,,,,,,,,,,,,,,,,,,,,,,,,,,,,,,,
1324,,,,,,,,,,,,,,,,,,,,,,,,,,,,,,,,,,,,,,,,,,,,,,,,,,,,,,,,,,,,,,,,,,,,,,,,,,,,,,,,,,
1325,,,,,,,,,,,,,,,,,,,,,,,,,,,,,,,,,,,,,,,,,,,,,,,,,,,,,,,,,,,,,,,,,,,,,,,,,,,,,,,,,,
1326,,,,,,,,,,,,,,,,,,,,,,,,,,,,,,,,,,,,,,,,,,,,,,,,,,,,,,,,,,,,,,,,,,,,,,,,,,,,,,,,,,
1327,,,,,,,,,,,,,,,,,,,,,,,,,,,,,,,,,,,,,,,,,,,,,,,,,,,,,,,,,,,,,,,,,,,,,,,,,,,,,,,,,,
1328,,,,,,,,,,,,,,,,,,,,,,,,,,,,,,,,,,,,,,,,,,,,,,,,,,,,,,,,,,,,,,,,,,,,,,,,,,,,,,,,,,
1329,,,,,,,,,,,,,,,,,,,,,,,,,,,,,,,,,,,,,,,,,,,,,,,,,,,,,,,,,,,,,,,,,,,,,,,,,,,,,,,,,,
1330,,,,,,,,,,,,,,,,,,,,,,,,,,,,,,,,,,,,,,,,,,,,,,,,,,,,,,,,,,,,,,,,,,,,,,,,,,,,,,,,,,
1331,,,,,,,,,,,,,,,,,,,,,,,,,,,,,,,,,,,,,,,,,,,,,,,,,,,,,,,,,,,,,,,,,,,,,,,,,,,,,,,,,,
1332,,,,,,,,,,,,,,,,,,,,,,,,,,,,,,,,,,,,,,,,,,,,,,,,,,,,,,,,,,,,,,,,,,,,,,,,,,,,,,,,,,
1333,,,,,,,,,,,,,,,,,,,,,,,,,,,,,,,,,,,,,,,,,,,,,,,,,,,,,,,,,,,,,,,,,,,,,,,,,,,,,,,,,,
1334,,,,,,,,,,,,,,,,,,,,,,,,,,,,,,,,,,,,,,,,,,,,,,,,,,,,,,,,,,,,,,,,,,,,,,,,,,,,,,,,,,
1335,,,,,,,,,,,,,,,,,,,,,,,,,,,,,,,,,,,,,,,,,,,,,,,,,,,,,,,,,,,,,,,,,,,,,,,,,,,,,,,,,,
1336,,,,,,,,,,,,,,,,,,,,,,,,,,,,,,,,,,,,,,,,,,,,,,,,,,,,,,,,,,,,,,,,,,,,,,,,,,,,,,,,,,
1337,,,,,,,,,,,,,,,,,,,,,,,,,,,,,,,,,,,,,,,,,,,,,,,,,,,,,,,,,,,,,,,,,,,,,,,,,,,,,,,,,,
1338,,,,,,,,,,,,,,,,,,,,,,,,,,,,,,,,,,,,,,,,,,,,,,,,,,,,,,,,,,,,,,,,,,,,,,,,,,,,,,,,,,
1339,,,,,,,,,,,,,,,,,,,,,,,,,,,,,,,,,,,,,,,,,,,,,,,,,,,,,,,,,,,,,,,,,,,,,,,,,,,,,,,,,,
1340,,,,,,,,,,,,,,,,,,,,,,,,,,,,,,,,,,,,,,,,,,,,,,,,,,,,,,,,,,,,,,,,,,,,,,,,,,,,,,,,,,
1341,,,,,,,,,,,,,,,,,,,,,,,,,,,,,,,,,,,,,,,,,,,,,,,,,,,,,,,,,,,,,,,,,,,,,,,,,,,,,,,,,,
1342,,,,,,,,,,,,,,,,,,,,,,,,,,,,,,,,,,,,,,,,,,,,,,,,,,,,,,,,,,,,,,,,,,,,,,,,,,,,,,,,,,
1343,,,,,,,,,,,,,,,,,,,,,,,,,,,,,,,,,,,,,,,,,,,,,,,,,,,,,,,,,,,,,,,,,,,,,,,,,,,,,,,,,,
1344,,,,,,,,,,,,,,,,,,,,,,,,,,,,,,,,,,,,,,,,,,,,,,,,,,,,,,,,,,,,,,,,,,,,,,,,,,,,,,,,,,
1345,,,,,,,,,,,,,,,,,,,,,,,,,,,,,,,,,,,,,,,,,,,,,,,,,,,,,,,,,,,,,,,,,,,,,,,,,,,,,,,,,,
1346,,,,,,,,,,,,,,,,,,,,,,,,,,,,,,,,,,,,,,,,,,,,,,,,,,,,,,,,,,,,,,,,,,,,,,,,,,,,,,,,,,
1347,,,,,,,,,,,,,,,,,,,,,,,,,,,,,,,,,,,,,,,,,,,,,,,,,,,,,,,,,,,,,,,,,,,,,,,,,,,,,,,,,,
1348,,,,,,,,,,,,,,,,,,,,,,,,,,,,,,,,,,,,,,,,,,,,,,,,,,,,,,,,,,,,,,,,,,,,,,,,,,,,,,,,,,
1349,,,,,,,,,,,,,,,,,,,,,,,,,,,,,,,,,,,,,,,,,,,,,,,,,,,,,,,,,,,,,,,,,,,,,,,,,,,,,,,,,,
1350,,,,,,,,,,,,,,,,,,,,,,,,,,,,,,,,,,,,,,,,,,,,,,,,,,,,,,,,,,,,,,,,,,,,,,,,,,,,,,,,,,
1351,,,,,,,,,,,,,,,,,,,,,,,,,,,,,,,,,,,,,,,,,,,,,,,,,,,,,,,,,,,,,,,,,,,,,,,,,,,,,,,,,,
1352,,,,,,,,,,,,,,,,,,,,,,,,,,,,,,,,,,,,,,,,,,,,,,,,,,,,,,,,,,,,,,,,,,,,,,,,,,,,,,,,,,
1353,,,,,,,,,,,,,,,,,,,,,,,,,,,,,,,,,,,,,,,,,,,,,,,,,,,,,,,,,,,,,,,,,,,,,,,,,,,,,,,,,,
1354,,,,,,,,,,,,,,,,,,,,,,,,,,,,,,,,,,,,,,,,,,,,,,,,,,,,,,,,,,,,,,,,,,,,,,,,,,,,,,,,,,
1355,,,,,,,,,,,,,,,,,,,,,,,,,,,,,,,,,,,,,,,,,,,,,,,,,,,,,,,,,,,,,,,,,,,,,,,,,,,,,,,,,,
1356,,,,,,,,,,,,,,,,,,,,,,,,,,,,,,,,,,,,,,,,,,,,,,,,,,,,,,,,,,,,,,,,,,,,,,,,,,,,,,,,,,
1357,,,,,,,,,,,,,,,,,,,,,,,,,,,,,,,,,,,,,,,,,,,,,,,,,,,,,,,,,,,,,,,,,,,,,,,,,,,,,,,,,,
1358,,,,,,,,,,,,,,,,,,,,,,,,,,,,,,,,,,,,,,,,,,,,,,,,,,,,,,,,,,,,,,,,,,,,,,,,,,,,,,,,,,
1359,,,,,,,,,,,,,,,,,,,,,,,,,,,,,,,,,,,,,,,,,,,,,,,,,,,,,,,,,,,,,,,,,,,,,,,,,,,,,,,,,,
1360,,,,,,,,,,,,,,,,,,,,,,,,,,,,,,,,,,,,,,,,,,,,,,,,,,,,,,,,,,,,,,,,,,,,,,,,,,,,,,,,,,
1361,,,,,,,,,,,,,,,,,,,,,,,,,,,,,,,,,,,,,,,,,,,,,,,,,,,,,,,,,,,,,,,,,,,,,,,,,,,,,,,,,,
1362,,,,,,,,,,,,,,,,,,,,,,,,,,,,,,,,,,,,,,,,,,,,,,,,,,,,,,,,,,,,,,,,,,,,,,,,,,,,,,,,,,
1363,,,,,,,,,,,,,,,,,,,,,,,,,,,,,,,,,,,,,,,,,,,,,,,,,,,,,,,,,,,,,,,,,,,,,,,,,,,,,,,,,,
1364,,,,,,,,,,,,,,,,,,,,,,,,,,,,,,,,,,,,,,,,,,,,,,,,,,,,,,,,,,,,,,,,,,,,,,,,,,,,,,,,,,
1365,,,,,,,,,,,,,,,,,,,,,,,,,,,,,,,,,,,,,,,,,,,,,,,,,,,,,,,,,,,,,,,,,,,,,,,,,,,,,,,,,,
1366,,,,,,,,,,,,,,,,,,,,,,,,,,,,,,,,,,,,,,,,,,,,,,,,,,,,,,,,,,,,,,,,,,,,,,,,,,,,,,,,,,
1367,,,,,,,,,,,,,,,,,,,,,,,,,,,,,,,,,,,,,,,,,,,,,,,,,,,,,,,,,,,,,,,,,,,,,,,,,,,,,,,,,,
1368,,,,,,,,,,,,,,,,,,,,,,,,,,,,,,,,,,,,,,,,,,,,,,,,,,,,,,,,,,,,,,,,,,,,,,,,,,,,,,,,,,
1369,,,,,,,,,,,,,,,,,,,,,,,,,,,,,,,,,,,,,,,,,,,,,,,,,,,,,,,,,,,,,,,,,,,,,,,,,,,,,,,,,,
1370,,,,,,,,,,,,,,,,,,,,,,,,,,,,,,,,,,,,,,,,,,,,,,,,,,,,,,,,,,,,,,,,,,,,,,,,,,,,,,,,,,
1371,,,,,,,,,,,,,,,,,,,,,,,,,,,,,,,,,,,,,,,,,,,,,,,,,,,,,,,,,,,,,,,,,,,,,,,,,,,,,,,,,,
1372,,,,,,,,,,,,,,,,,,,,,,,,,,,,,,,,,,,,,,,,,,,,,,,,,,,,,,,,,,,,,,,,,,,,,,,,,,,,,,,,,,
1373,,,,,,,,,,,,,,,,,,,,,,,,,,,,,,,,,,,,,,,,,,,,,,,,,,,,,,,,,,,,,,,,,,,,,,,,,,,,,,,,,,
1374,,,,,,,,,,,,,,,,,,,,,,,,,,,,,,,,,,,,,,,,,,,,,,,,,,,,,,,,,,,,,,,,,,,,,,,,,,,,,,,,,,
1375,,,,,,,,,,,,,,,,,,,,,,,,,,,,,,,,,,,,,,,,,,,,,,,,,,,,,,,,,,,,,,,,,,,,,,,,,,,,,,,,,,
1376,,,,,,,,,,,,,,,,,,,,,,,,,,,,,,,,,,,,,,,,,,,,,,,,,,,,,,,,,,,,,,,,,,,,,,,,,,,,,,,,,,
1377,,,,,,,,,,,,,,,,,,,,,,,,,,,,,,,,,,,,,,,,,,,,,,,,,,,,,,,,,,,,,,,,,,,,,,,,,,,,,,,,,,
1378,,,,,,,,,,,,,,,,,,,,,,,,,,,,,,,,,,,,,,,,,,,,,,,,,,,,,,,,,,,,,,,,,,,,,,,,,,,,,,,,,,
1379,,,,,,,,,,,,,,,,,,,,,,,,,,,,,,,,,,,,,,,,,,,,,,,,,,,,,,,,,,,,,,,,,,,,,,,,,,,,,,,,,,
1380,,,,,,,,,,,,,,,,,,,,,,,,,,,,,,,,,,,,,,,,,,,,,,,,,,,,,,,,,,,,,,,,,,,,,,,,,,,,,,,,,,
1381,,,,,,,,,,,,,,,,,,,,,,,,,,,,,,,,,,,,,,,,,,,,,,,,,,,,,,,,,,,,,,,,,,,,,,,,,,,,,,,,,,
1382,,,,,,,,,,,,,,,,,,,,,,,,,,,,,,,,,,,,,,,,,,,,,,,,,,,,,,,,,,,,,,,,,,,,,,,,,,,,,,,,,,
1383,,,,,,,,,,,,,,,,,,,,,,,,,,,,,,,,,,,,,,,,,,,,,,,,,,,,,,,,,,,,,,,,,,,,,,,,,,,,,,,,,,
1384,,,,,,,,,,,,,,,,,,,,,,,,,,,,,,,,,,,,,,,,,,,,,,,,,,,,,,,,,,,,,,,,,,,,,,,,,,,,,,,,,,
1385,,,,,,,,,,,,,,,,,,,,,,,,,,,,,,,,,,,,,,,,,,,,,,,,,,,,,,,,,,,,,,,,,,,,,,,,,,,,,,,,,,
1386,,,,,,,,,,,,,,,,,,,,,,,,,,,,,,,,,,,,,,,,,,,,,,,,,,,,,,,,,,,,,,,,,,,,,,,,,,,,,,,,,,
1387,,,,,,,,,,,,,,,,,,,,,,,,,,,,,,,,,,,,,,,,,,,,,,,,,,,,,,,,,,,,,,,,,,,,,,,,,,,,,,,,,,
1388,,,,,,,,,,,,,,,,,,,,,,,,,,,,,,,,,,,,,,,,,,,,,,,,,,,,,,,,,,,,,,,,,,,,,,,,,,,,,,,,,,
1389,,,,,,,,,,,,,,,,,,,,,,,,,,,,,,,,,,,,,,,,,,,,,,,,,,,,,,,,,,,,,,,,,,,,,,,,,,,,,,,,,,
1390,,,,,,,,,,,,,,,,,,,,,,,,,,,,,,,,,,,,,,,,,,,,,,,,,,,,,,,,,,,,,,,,,,,,,,,,,,,,,,,,,,
1391,,,,,,,,,,,,,,,,,,,,,,,,,,,,,,,,,,,,,,,,,,,,,,,,,,,,,,,,,,,,,,,,,,,,,,,,,,,,,,,,,,
1392,,,,,,,,,,,,,,,,,,,,,,,,,,,,,,,,,,,,,,,,,,,,,,,,,,,,,,,,,,,,,,,,,,,,,,,,,,,,,,,,,,
1393,,,,,,,,,,,,,,,,,,,,,,,,,,,,,,,,,,,,,,,,,,,,,,,,,,,,,,,,,,,,,,,,,,,,,,,,,,,,,,,,,,
1394,,,,,,,,,,,,,,,,,,,,,,,,,,,,,,,,,,,,,,,,,,,,,,,,,,,,,,,,,,,,,,,,,,,,,,,,,,,,,,,,,,
1395,,,,,,,,,,,,,,,,,,,,,,,,,,,,,,,,,,,,,,,,,,,,,,,,,,,,,,,,,,,,,,,,,,,,,,,,,,,,,,,,,,
1396,,,,,,,,,,,,,,,,,,,,,,,,,,,,,,,,,,,,,,,,,,,,,,,,,,,,,,,,,,,,,,,,,,,,,,,,,,,,,,,,,,
1397,,,,,,,,,,,,,,,,,,,,,,,,,,,,,,,,,,,,,,,,,,,,,,,,,,,,,,,,,,,,,,,,,,,,,,,,,,,,,,,,,,
1398,,,,,,,,,,,,,,,,,,,,,,,,,,,,,,,,,,,,,,,,,,,,,,,,,,,,,,,,,,,,,,,,,,,,,,,,,,,,,,,,,,
1399,,,,,,,,,,,,,,,,,,,,,,,,,,,,,,,,,,,,,,,,,,,,,,,,,,,,,,,,,,,,,,,,,,,,,,,,,,,,,,,,,,
1400,,,,,,,,,,,,,,,,,,,,,,,,,,,,,,,,,,,,,,,,,,,,,,,,,,,,,,,,,,,,,,,,,,,,,,,,,,,,,,,,,,
1401,,,,,,,,,,,,,,,,,,,,,,,,,,,,,,,,,,,,,,,,,,,,,,,,,,,,,,,,,,,,,,,,,,,,,,,,,,,,,,,,,,
1402,,,,,,,,,,,,,,,,,,,,,,,,,,,,,,,,,,,,,,,,,,,,,,,,,,,,,,,,,,,,,,,,,,,,,,,,,,,,,,,,,,
1403,,,,,,,,,,,,,,,,,,,,,,,,,,,,,,,,,,,,,,,,,,,,,,,,,,,,,,,,,,,,,,,,,,,,,,,,,,,,,,,,,,
1404,,,,,,,,,,,,,,,,,,,,,,,,,,,,,,,,,,,,,,,,,,,,,,,,,,,,,,,,,,,,,,,,,,,,,,,,,,,,,,,,,,
1405,,,,,,,,,,,,,,,,,,,,,,,,,,,,,,,,,,,,,,,,,,,,,,,,,,,,,,,,,,,,,,,,,,,,,,,,,,,,,,,,,,
1406,,,,,,,,,,,,,,,,,,,,,,,,,,,,,,,,,,,,,,,,,,,,,,,,,,,,,,,,,,,,,,,,,,,,,,,,,,,,,,,,,,
1407,,,,,,,,,,,,,,,,,,,,,,,,,,,,,,,,,,,,,,,,,,,,,,,,,,,,,,,,,,,,,,,,,,,,,,,,,,,,,,,,,,
1408,,,,,,,,,,,,,,,,,,,,,,,,,,,,,,,,,,,,,,,,,,,,,,,,,,,,,,,,,,,,,,,,,,,,,,,,,,,,,,,,,,
1409,,,,,,,,,,,,,,,,,,,,,,,,,,,,,,,,,,,,,,,,,,,,,,,,,,,,,,,,,,,,,,,,,,,,,,,,,,,,,,,,,,
1410,,,,,,,,,,,,,,,,,,,,,,,,,,,,,,,,,,,,,,,,,,,,,,,,,,,,,,,,,,,,,,,,,,,,,,,,,,,,,,,,,,
1411,,,,,,,,,,,,,,,,,,,,,,,,,,,,,,,,,,,,,,,,,,,,,,,,,,,,,,,,,,,,,,,,,,,,,,,,,,,,,,,,,,
1412,,,,,,,,,,,,,,,,,,,,,,,,,,,,,,,,,,,,,,,,,,,,,,,,,,,,,,,,,,,,,,,,,,,,,,,,,,,,,,,,,,
1413,,,,,,,,,,,,,,,,,,,,,,,,,,,,,,,,,,,,,,,,,,,,,,,,,,,,,,,,,,,,,,,,,,,,,,,,,,,,,,,,,,
1414,,,,,,,,,,,,,,,,,,,,,,,,,,,,,,,,,,,,,,,,,,,,,,,,,,,,,,,,,,,,,,,,,,,,,,,,,,,,,,,,,,
1415,,,,,,,,,,,,,,,,,,,,,,,,,,,,,,,,,,,,,,,,,,,,,,,,,,,,,,,,,,,,,,,,,,,,,,,,,,,,,,,,,,
1416,,,,,,,,,,,,,,,,,,,,,,,,,,,,,,,,,,,,,,,,,,,,,,,,,,,,,,,,,,,,,,,,,,,,,,,,,,,,,,,,,,
1417,,,,,,,,,,,,,,,,,,,,,,,,,,,,,,,,,,,,,,,,,,,,,,,,,,,,,,,,,,,,,,,,,,,,,,,,,,,,,,,,,,
1418,,,,,,,,,,,,,,,,,,,,,,,,,,,,,,,,,,,,,,,,,,,,,,,,,,,,,,,,,,,,,,,,,,,,,,,,,,,,,,,,,,
1419,,,,,,,,,,,,,,,,,,,,,,,,,,,,,,,,,,,,,,,,,,,,,,,,,,,,,,,,,,,,,,,,,,,,,,,,,,,,,,,,,,
1420,,,,,,,,,,,,,,,,,,,,,,,,,,,,,,,,,,,,,,,,,,,,,,,,,,,,,,,,,,,,,,,,,,,,,,,,,,,,,,,,,,
1421,,,,,,,,,,,,,,,,,,,,,,,,,,,,,,,,,,,,,,,,,,,,,,,,,,,,,,,,,,,,,,,,,,,,,,,,,,,,,,,,,,
1422,,,,,,,,,,,,,,,,,,,,,,,,,,,,,,,,,,,,,,,,,,,,,,,,,,,,,,,,,,,,,,,,,,,,,,,,,,,,,,,,,,
1423,,,,,,,,,,,,,,,,,,,,,,,,,,,,,,,,,,,,,,,,,,,,,,,,,,,,,,,,,,,,,,,,,,,,,,,,,,,,,,,,,,
1424,,,,,,,,,,,,,,,,,,,,,,,,,,,,,,,,,,,,,,,,,,,,,,,,,,,,,,,,,,,,,,,,,,,,,,,,,,,,,,,,,,
1425,,,,,,,,,,,,,,,,,,,,,,,,,,,,,,,,,,,,,,,,,,,,,,,,,,,,,,,,,,,,,,,,,,,,,,,,,,,,,,,,,,
1426,,,,,,,,,,,,,,,,,,,,,,,,,,,,,,,,,,,,,,,,,,,,,,,,,,,,,,,,,,,,,,,,,,,,,,,,,,,,,,,,,,
1427,,,,,,,,,,,,,,,,,,,,,,,,,,,,,,,,,,,,,,,,,,,,,,,,,,,,,,,,,,,,,,,,,,,,,,,,,,,,,,,,,,
1428,,,,,,,,,,,,,,,,,,,,,,,,,,,,,,,,,,,,,,,,,,,,,,,,,,,,,,,,,,,,,,,,,,,,,,,,,,,,,,,,,,
1429,,,,,,,,,,,,,,,,,,,,,,,,,,,,,,,,,,,,,,,,,,,,,,,,,,,,,,,,,,,,,,,,,,,,,,,,,,,,,,,,,,
1430,,,,,,,,,,,,,,,,,,,,,,,,,,,,,,,,,,,,,,,,,,,,,,,,,,,,,,,,,,,,,,,,,,,,,,,,,,,,,,,,,,
1431,,,,,,,,,,,,,,,,,,,,,,,,,,,,,,,,,,,,,,,,,,,,,,,,,,,,,,,,,,,,,,,,,,,,,,,,,,,,,,,,,,
1432,,,,,,,,,,,,,,,,,,,,,,,,,,,,,,,,,,,,,,,,,,,,,,,,,,,,,,,,,,,,,,,,,,,,,,,,,,,,,,,,,,
1433,,,,,,,,,,,,,,,,,,,,,,,,,,,,,,,,,,,,,,,,,,,,,,,,,,,,,,,,,,,,,,,,,,,,,,,,,,,,,,,,,,
1434,,,,,,,,,,,,,,,,,,,,,,,,,,,,,,,,,,,,,,,,,,,,,,,,,,,,,,,,,,,,,,,,,,,,,,,,,,,,,,,,,,
1435,,,,,,,,,,,,,,,,,,,,,,,,,,,,,,,,,,,,,,,,,,,,,,,,,,,,,,,,,,,,,,,,,,,,,,,,,,,,,,,,,,
1436,,,,,,,,,,,,,,,,,,,,,,,,,,,,,,,,,,,,,,,,,,,,,,,,,,,,,,,,,,,,,,,,,,,,,,,,,,,,,,,,,,
1437,,,,,,,,,,,,,,,,,,,,,,,,,,,,,,,,,,,,,,,,,,,,,,,,,,,,,,,,,,,,,,,,,,,,,,,,,,,,,,,,,,
1438,,,,,,,,,,,,,,,,,,,,,,,,,,,,,,,,,,,,,,,,,,,,,,,,,,,,,,,,,,,,,,,,,,,,,,,,,,,,,,,,,,
1439,,,,,,,,,,,,,,,,,,,,,,,,,,,,,,,,,,,,,,,,,,,,,,,,,,,,,,,,,,,,,,,,,,,,,,,,,,,,,,,,,,
1440,,,,,,,,,,,,,,,,,,,,,,,,,,,,,,,,,,,,,,,,,,,,,,,,,,,,,,,,,,,,,,,,,,,,,,,,,,,,,,,,,,
1441,,,,,,,,,,,,,,,,,,,,,,,,,,,,,,,,,,,,,,,,,,,,,,,,,,,,,,,,,,,,,,,,,,,,,,,,,,,,,,,,,,
1442,,,,,,,,,,,,,,,,,,,,,,,,,,,,,,,,,,,,,,,,,,,,,,,,,,,,,,,,,,,,,,,,,,,,,,,,,,,,,,,,,,
1443,,,,,,,,,,,,,,,,,,,,,,,,,,,,,,,,,,,,,,,,,,,,,,,,,,,,,,,,,,,,,,,,,,,,,,,,,,,,,,,,,,
1444,,,,,,,,,,,,,,,,,,,,,,,,,,,,,,,,,,,,,,,,,,,,,,,,,,,,,,,,,,,,,,,,,,,,,,,,,,,,,,,,,,
1445,,,,,,,,,,,,,,,,,,,,,,,,,,,,,,,,,,,,,,,,,,,,,,,,,,,,,,,,,,,,,,,,,,,,,,,,,,,,,,,,,,
1446,,,,,,,,,,,,,,,,,,,,,,,,,,,,,,,,,,,,,,,,,,,,,,,,,,,,,,,,,,,,,,,,,,,,,,,,,,,,,,,,,,
1447,,,,,,,,,,,,,,,,,,,,,,,,,,,,,,,,,,,,,,,,,,,,,,,,,,,,,,,,,,,,,,,,,,,,,,,,,,,,,,,,,,
1448,,,,,,,,,,,,,,,,,,,,,,,,,,,,,,,,,,,,,,,,,,,,,,,,,,,,,,,,,,,,,,,,,,,,,,,,,,,,,,,,,,
1449,,,,,,,,,,,,,,,,,,,,,,,,,,,,,,,,,,,,,,,,,,,,,,,,,,,,,,,,,,,,,,,,,,,,,,,,,,,,,,,,,,
1450,,,,,,,,,,,,,,,,,,,,,,,,,,,,,,,,,,,,,,,,,,,,,,,,,,,,,,,,,,,,,,,,,,,,,,,,,,,,,,,,,,
1451,,,,,,,,,,,,,,,,,,,,,,,,,,,,,,,,,,,,,,,,,,,,,,,,,,,,,,,,,,,,,,,,,,,,,,,,,,,,,,,,,,
1452,,,,,,,,,,,,,,,,,,,,,,,,,,,,,,,,,,,,,,,,,,,,,,,,,,,,,,,,,,,,,,,,,,,,,,,,,,,,,,,,,,
1453,,,,,,,,,,,,,,,,,,,,,,,,,,,,,,,,,,,,,,,,,,,,,,,,,,,,,,,,,,,,,,,,,,,,,,,,,,,,,,,,,,
1454,,,,,,,,,,,,,,,,,,,,,,,,,,,,,,,,,,,,,,,,,,,,,,,,,,,,,,,,,,,,,,,,,,,,,,,,,,,,,,,,,,
1455,,,,,,,,,,,,,,,,,,,,,,,,,,,,,,,,,,,,,,,,,,,,,,,,,,,,,,,,,,,,,,,,,,,,,,,,,,,,,,,,,,
1456,,,,,,,,,,,,,,,,,,,,,,,,,,,,,,,,,,,,,,,,,,,,,,,,,,,,,,,,,,,,,,,,,,,,,,,,,,,,,,,,,,
1457,,,,,,,,,,,,,,,,,,,,,,,,,,,,,,,,,,,,,,,,,,,,,,,,,,,,,,,,,,,,,,,,,,,,,,,,,,,,,,,,,,
1458,,,,,,,,,,,,,,,,,,,,,,,,,,,,,,,,,,,,,,,,,,,,,,,,,,,,,,,,,,,,,,,,,,,,,,,,,,,,,,,,,,
1459,,,,,,,,,,,,,,,,,,,,,,,,,,,,,,,,,,,,,,,,,,,,,,,,,,,,,,,,,,,,,,,,,,,,,,,,,,,,,,,,,,
1460,,,,,,,,,,,,,,,,,,,,,,,,,,,,,,,,,,,,,,,,,,,,,,,,,,,,,,,,,,,,,,,,,,,,,,,,,,,,,,,,,,
1461,,,,,,,,,,,,,,,,,,,,,,,,,,,,,,,,,,,,,,,,,,,,,,,,,,,,,,,,,,,,,,,,,,,,,,,,,,,,,,,,,,
1462,,,,,,,,,,,,,,,,,,,,,,,,,,,,,,,,,,,,,,,,,,,,,,,,,,,,,,,,,,,,,,,,,,,,,,,,,,,,,,,,,,
1463,,,,,,,,,,,,,,,,,,,,,,,,,,,,,,,,,,,,,,,,,,,,,,,,,,,,,,,,,,,,,,,,,,,,,,,,,,,,,,,,,,
1464,,,,,,,,,,,,,,,,,,,,,,,,,,,,,,,,,,,,,,,,,,,,,,,,,,,,,,,,,,,,,,,,,,,,,,,,,,,,,,,,,,
1465,,,,,,,,,,,,,,,,,,,,,,,,,,,,,,,,,,,,,,,,,,,,,,,,,,,,,,,,,,,,,,,,,,,,,,,,,,,,,,,,,,
1466,,,,,,,,,,,,,,,,,,,,,,,,,,,,,,,,,,,,,,,,,,,,,,,,,,,,,,,,,,,,,,,,,,,,,,,,,,,,,,,,,,
1467,,,,,,,,,,,,,,,,,,,,,,,,,,,,,,,,,,,,,,,,,,,,,,,,,,,,,,,,,,,,,,,,,,,,,,,,,,,,,,,,,,
1468,,,,,,,,,,,,,,,,,,,,,,,,,,,,,,,,,,,,,,,,,,,,,,,,,,,,,,,,,,,,,,,,,,,,,,,,,,,,,,,,,,
1469,,,,,,,,,,,,,,,,,,,,,,,,,,,,,,,,,,,,,,,,,,,,,,,,,,,,,,,,,,,,,,,,,,,,,,,,,,,,,,,,,,
1470,,,,,,,,,,,,,,,,,,,,,,,,,,,,,,,,,,,,,,,,,,,,,,,,,,,,,,,,,,,,,,,,,,,,,,,,,,,,,,,,,,
1471,,,,,,,,,,,,,,,,,,,,,,,,,,,,,,,,,,,,,,,,,,,,,,,,,,,,,,,,,,,,,,,,,,,,,,,,,,,,,,,,,,
1472,,,,,,,,,,,,,,,,,,,,,,,,,,,,,,,,,,,,,,,,,,,,,,,,,,,,,,,,,,,,,,,,,,,,,,,,,,,,,,,,,,
1473,,,,,,,,,,,,,,,,,,,,,,,,,,,,,,,,,,,,,,,,,,,,,,,,,,,,,,,,,,,,,,,,,,,,,,,,,,,,,,,,,,
1474,,,,,,,,,,,,,,,,,,,,,,,,,,,,,,,,,,,,,,,,,,,,,,,,,,,,,,,,,,,,,,,,,,,,,,,,,,,,,,,,,,
1475,,,,,,,,,,,,,,,,,,,,,,,,,,,,,,,,,,,,,,,,,,,,,,,,,,,,,,,,,,,,,,,,,,,,,,,,,,,,,,,,,,
1476,,,,,,,,,,,,,,,,,,,,,,,,,,,,,,,,,,,,,,,,,,,,,,,,,,,,,,,,,,,,,,,,,,,,,,,,,,,,,,,,,,
1477,,,,,,,,,,,,,,,,,,,,,,,,,,,,,,,,,,,,,,,,,,,,,,,,,,,,,,,,,,,,,,,,,,,,,,,,,,,,,,,,,,
1478,,,,,,,,,,,,,,,,,,,,,,,,,,,,,,,,,,,,,,,,,,,,,,,,,,,,,,,,,,,,,,,,,,,,,,,,,,,,,,,,,,
1479,,,,,,,,,,,,,,,,,,,,,,,,,,,,,,,,,,,,,,,,,,,,,,,,,,,,,,,,,,,,,,,,,,,,,,,,,,,,,,,,,,
1480,,,,,,,,,,,,,,,,,,,,,,,,,,,,,,,,,,,,,,,,,,,,,,,,,,,,,,,,,,,,,,,,,,,,,,,,,,,,,,,,,,
1481,,,,,,,,,,,,,,,,,,,,,,,,,,,,,,,,,,,,,,,,,,,,,,,,,,,,,,,,,,,,,,,,,,,,,,,,,,,,,,,,,,
1482,,,,,,,,,,,,,,,,,,,,,,,,,,,,,,,,,,,,,,,,,,,,,,,,,,,,,,,,,,,,,,,,,,,,,,,,,,,,,,,,,,
1483,,,,,,,,,,,,,,,,,,,,,,,,,,,,,,,,,,,,,,,,,,,,,,,,,,,,,,,,,,,,,,,,,,,,,,,,,,,,,,,,,,
1484,,,,,,,,,,,,,,,,,,,,,,,,,,,,,,,,,,,,,,,,,,,,,,,,,,,,,,,,,,,,,,,,,,,,,,,,,,,,,,,,,,
1485,,,,,,,,,,,,,,,,,,,,,,,,,,,,,,,,,,,,,,,,,,,,,,,,,,,,,,,,,,,,,,,,,,,,,,,,,,,,,,,,,,
1486,,,,,,,,,,,,,,,,,,,,,,,,,,,,,,,,,,,,,,,,,,,,,,,,,,,,,,,,,,,,,,,,,,,,,,,,,,,,,,,,,,
1487,,,,,,,,,,,,,,,,,,,,,,,,,,,,,,,,,,,,,,,,,,,,,,,,,,,,,,,,,,,,,,,,,,,,,,,,,,,,,,,,,,
1488,,,,,,,,,,,,,,,,,,,,,,,,,,,,,,,,,,,,,,,,,,,,,,,,,,,,,,,,,,,,,,,,,,,,,,,,,,,,,,,,,,
1489,,,,,,,,,,,,,,,,,,,,,,,,,,,,,,,,,,,,,,,,,,,,,,,,,,,,,,,,,,,,,,,,,,,,,,,,,,,,,,,,,,
1490,,,,,,,,,,,,,,,,,,,,,,,,,,,,,,,,,,,,,,,,,,,,,,,,,,,,,,,,,,,,,,,,,,,,,,,,,,,,,,,,,,
1491,,,,,,,,,,,,,,,,,,,,,,,,,,,,,,,,,,,,,,,,,,,,,,,,,,,,,,,,,,,,,,,,,,,,,,,,,,,,,,,,,,
1492,,,,,,,,,,,,,,,,,,,,,,,,,,,,,,,,,,,,,,,,,,,,,,,,,,,,,,,,,,,,,,,,,,,,,,,,,,,,,,,,,,
1493,,,,,,,,,,,,,,,,,,,,,,,,,,,,,,,,,,,,,,,,,,,,,,,,,,,,,,,,,,,,,,,,,,,,,,,,,,,,,,,,,,
1494,,,,,,,,,,,,,,,,,,,,,,,,,,,,,,,,,,,,,,,,,,,,,,,,,,,,,,,,,,,,,,,,,,,,,,,,,,,,,,,,,,
1495,,,,,,,,,,,,,,,,,,,,,,,,,,,,,,,,,,,,,,,,,,,,,,,,,,,,,,,,,,,,,,,,,,,,,,,,,,,,,,,,,,
1496,,,,,,,,,,,,,,,,,,,,,,,,,,,,,,,,,,,,,,,,,,,,,,,,,,,,,,,,,,,,,,,,,,,,,,,,,,,,,,,,,,
1497,,,,,,,,,,,,,,,,,,,,,,,,,,,,,,,,,,,,,,,,,,,,,,,,,,,,,,,,,,,,,,,,,,,,,,,,,,,,,,,,,,
1498,,,,,,,,,,,,,,,,,,,,,,,,,,,,,,,,,,,,,,,,,,,,,,,,,,,,,,,,,,,,,,,,,,,,,,,,,,,,,,,,,,
1499,,,,,,,,,,,,,,,,,,,,,,,,,,,,,,,,,,,,,,,,,,,,,,,,,,,,,,,,,,,,,,,,,,,,,,,,,,,,,,,,,,
1500,,,,,,,,,,,,,,,,,,,,,,,,,,,,,,,,,,,,,,,,,,,,,,,,,,,,,,,,,,,,,,,,,,,,,,,5.47,,,,,,,,,,,
1501,,,,,,,,,,,,,,,,,,,,,,,,,,,,,,,,,,,,,,,,,,,,,,,,,,,,,,,,,,,,,,,,,,,,,2.92,,4.76,3.98,,,,,,,,,,
1502,,,,,,,,,,,,,,,,,,,,,,,,,,,,,,,,,,,,,,,,,,,,,,,,,,,,,,,,,,,,,,,,,,,,,4,,4.51,2.92,,,,,,,,,,
1503,,,,,,,,,,,,,,,,,,,,,,,,,,,,,,,,,,,,,,,,,,,,,,,,,,,,,,,,,,,,,,,,,,,,,,,6.06,,,,,,,,,,,
1504,,,,,,,,,,,,,,,,,,,,,,,,,,,,,,,,,,,,,,,,,,,,,,,,,,,,,,,,,,,,,,,,,,,,4.51,,,6.26,,,,,,,,,,,
1505,,,,,,,,,,,,,,,,,,,,,,,,,,,,,,,,,,,,,,,,,,,,,,,,,,,,,,,,,,,,,,,,,,,,3.71,,,5.69,,,,,,,,,,,
1506,,,,,,,,,,,,,,,,,,,,,,,,,,,,,,,,,,,,,,,,,,,,,,,,,,,,,,,,,,,,,,,,,,,,1.55,2.83,,6.73,4.61,,,,,,,,,,
1507,,,,,,,,,,,,,,,,,,,,,,,,,,,,,,,,,,,,,,,,,,,,,,,,,,,,,,,,,,,,,,,,,,,,3.23,4.66,,3.74,2.04,,,,,,,,,,
1508,,,,,,,,,,,,,,,,,,,,,,,,,,,,,,,,,,,,,,,,,,,,,,,,,,,,,,,,,,,,,,,,,,,,1.6,,,3.08,,,,,,,,,,,
1509,,,,,,,,,,,,,,,,,,,,,,,,,,,,,,,,,,,,,,,,,,,,,,,,,,,,,,,,,,,,,,,,,,,,6.54,,,8.5,,,,,,,,,,,
1510,,,,,,,,,,,,,,,,,,,,,,,,,,,,,,,,,,,,,,,,,,,,,,,,,,,,,,,,,,,,,,,,,,,,4.86,,,8.44,,,,,,,,,,,
1511,,,,,,,,,,,,,,,,,,,,,,,,,,,,,,,,,,,,,,,,,,,,,,,,,,,,,,,,,,,,,,,,,,,,11.15,,,4.02,,,,,,,,,,,
1512,,,,,,,,,,,,,,,,,,,,,,,,,,,,,,,,,,,,,,,,,,,,,,,,,,,,,,,,,,,,,,,,,,,,5.95,,,4.88,,,,,,,,,,,
1513,,,,,,,,,,,,,,,,,,,,,,,,,,,,,,,,,,,,,,,,,,,,,,,,,,,,,,,,,,,,,,,,,,,,3.31,9,,5.91,5.77,,,,,,,,,,
1514,,,,,,,,,,,,,,,,,,,,,,,,,,,,,,,,,,,,,,,,,,,,,,,,,,,,,,,,,,,,,,,,,,,,1.53,3.5,,7.74,3.6,,,,,,,,,,
1515,,,,,,,,,,,,,,,,,,,,,,,,,,,,,,,,,,,,,,,,,,,,,,,,,,,,,,,,,,,,,,,,,,,,3.92,4.5,,7.65,4.56,,,,,,,,,,
1516,,,,,,,,,,,,,,,,,,,,,,,,,,,,,,,,,,,,,,,,,,,,,,,,,,,,,,,,,,,,,,,,,,,,4.22,2.2,,8.17,3.7,,,,,,,,,,
1517,,,,,,,,,,,,,,,,,,,,,,,,,,,,,,,,,,,,,,,,,,,,,,,,,,,,,,,,,,,,,,,,,,,,4.87,,,8.17,5.64,,,,,,,,,,
1518,,,,,,,,,,,,,,,,,,,,,,,,,,,,,,,,,,,,,,,,,,,,,,,,,,,,,,,,,,,,,,,,,,,,4.33,5.39,,9.05,3.14,,,,,,,,,,
1519,,,,,,,,,,,,,,,,,,,,,,,,,,,,,,,,,,,,,,,,,,,,,,,,,,,,,,,,,,,,,,,,,,,,1.97,6,,7.41,5.86,,,,,,,,,,
1520,,,,,,,,,,,,,,,,,,,,,,,,,,,,,,,,,,,,,,,,,,,,,,,,,,,,,,,,,,,,,,,,,,,,,5,,,4.38,,,,,,,,,,
1521,,,,,,,,,,,,,,,,,,,,,,,,,,,,,,,,,,,,,,,,,,,,,,,,,,,,,,,,,,,,,,,,,,,,,3.58,,,4.34,,,,,,,,,,
1522,,,,,,,,,,,,,,,,,,,,,,,,,,,,,,,,,,,,,,,,,,,,,,,,,,,,,,,,,,,,,,,,,,,,6.79,,,12.3,,,,,,,,,,,
1523,,,,,,,,,,,,,,,,,,,,,,,,,,,,,,,,,,,,,,,,,,,,,,,,,,,,,,,,,,,,,,,,,,,,4.77,,,8.39,,,,,,,,,,,
1524,,,,,,,,,,,,,,,,,,,,,,,,,,,,,,,,,,,,,,,,,,,,,,,,,,,,,,,,,,,,,,,,,,,,7.67,4.5,,4.92,3.85,,,,,,,,,,
1525,,,,,,,,,,,,,,,,,,,,,,,,,,,,,,,,,,,,,,,,,,,,,,,,,,,,,,,,,,,,,,,,,,,,,6.33,,,5.18,,,,,,,,,,
1526,,,,,,,,,,,,,,,,,,,,,,,,,,,,,,,,,,,,,,,,,,,,,,,,,,,,,,,,,,,,,,,,,,,,,1.94,,,4.53,,,,,,,,,,
1527,,,,,,,,,,,,,,,,,,,,,,,,,,,,,,,,,,,,,,,,,,,,,,,,,,,,,,,,,,,,,,,,,,,,,4.17,,12.71,3.24,,,,,,,,,,
1528,,,,,,,,,,,,,,,,,,,,,,,,,,,,,,,,,,,,,,,,,,,,,,,,,,,,,,,,,,,,,,,,,,,,3.57,4.17,,5.95,3.42,,,,,,,,,,
1529,,,,,,,,,,,,,,,,,405,372,,,,,,,,,,289,,,,,,,,,,,,,,,,,,,,,,,,,,,,,,,,,,,,,,,,4,3.92,,8.01,5.05,,,,,,,,,,
1530,,,,,,,,,,,,,,,,,559,496,,,,,,,,,,,,,,,,,,,,,,,,,,,,,,,,,,,,,,,,,,,,,,,,,,3.18,5.25,,6.11,3.99,,,,,,,,,,
1531,,,,,,,,,,,,,,,,,506,454,,,,,,,,771,,436,75,,,,,,,,,,,,,,,,,,,,,,,,,,,,,,,,,,,,,,,4.42,,,6.97,5.77,,,,,,,,,,
1532,,,,,,,,,,,,,,,,,525,469,,,,,,,,586,,375,56,,,,,,,,,,,,,,,,,,,,,,,,,,,,,,,,,,,,,,,3.95,9.71,,7.04,3.57,,,,,,,,,,
1533,,,,,,,,,,,,,,,,,705,614,,,,,,,,658,55,255,64,,,,,,,,,,,,,,,,,,,,,,,,,,,,,,,,,,,,,,,5.05,4.12,,8.41,4.25,,,,,,,,,,
1534,,,,,,,,,,,,,,,,,452,535,,,247,,,,,675,68,322,67,,,,,,,,,,,,,,,,,,,,,,,,,,,,,,,,,,,,,,,2.8,,,7.72,5.59,,,,,,,,,,
1535,,,,,,,,,,,,,,,223,,435,396,,,,,,,,858,,462,87,,,,,,,,,,,,,,,,,,,,,,,,,,,,,,,,,,,,,,,3.47,,,6.25,,,,,,,,,,,
1536,,,,,,,,,,,,,,,177,,,,,,,,,,,603,73,366,60,,,,,,,,,,,,,,,,,,,,,,,,,,,,,,,,,,,,,,,6.24,3.64,12,6.58,5.55,,,,,,,,,,
1537,,,,,,,,,,,,,,,272,,660,578,,,,,,,,725,98,473,73,,,,,,,,,,,,,,,,,,,,,,,,,,,,,,,,,,,,,,,8.21,,4.67,9.48,6.48,3.6,,,,,,,,,
1538,,,,,,,,,,,,572,,471,223,,536,478,,,,,,,,815,83,346,83,,,,,,,,,,,,,,,,,,,,,,,,,,,,,,,,,,,,,,,4.53,,,5.33,6.38,,,,,,,,,,
1539,,,,,,,,,,,,577,,475,346,,,,,,,,,,,569,80,409,58,,,,,,,,,,5664,51936,190080,,,,,,,,,,,,,,,,,,,,,,,,,,,5.31,,,8.7,5.11,,,,,,,,,,
1540,,,,,,,,,,,,581,,479,355,,578,512,,,,,,,,603,85,423,62,,,,,,,,,,,,,,,,,,,,,,,,,,,,,,,,,,,,,,,8.92,,4.25,9.93,4.93,4.76,,,,,,,,,
1541,,,,,,,,,,,,579,,477,275,,560,498,,,,,,,,675,,429,,,,,,,,,,,,,,,,,,,588,49572,48792,,,,,,,,,,,,,,,,,,,6.79,,10.25,10.5,7.57,7.33,,,,,,,,,
1542,,,,,,,,,,,,658,,544,292,,801,692,,,,,,1217,,580,97,494,60,137,,,,,2076,38928,112368,,4608,124248,443460,28596,,,,,,,,,,5484,401556,,,,,,,,,,,,,,,4.88,,13.32,11.25,4.78,4.34,,,,,,,,,
1543,,,,,,,,,,,,573,,472,263,,509,456,,,,,,1211,,643,91,432,67,107,,,,,,,,,1068,38496,351036,25128,,,,,12,17280,39048,,,912,378348,,,,,,,,,,,,,,,1.7,,,6.33,3.2,3.68,,,,,,,,,
1544,,,,,,,,,,,,591,,487,246,,669,586,,,,,,1320,,600,67,300,63,131,,264903.0692,812665.9308,808,,,,,1128,20784,282192,30564,,,,,,,,,,4980,437832,,,,,,,,,,,,,,,5.89,3.6,5.25,6.47,4.42,4.1,,,,,,,,,
1545,,,,,,,,,,,,710,,587,183,,457,414,,,,,,1254,,439,122,684,46,90,,,,,2772,26640,129120,,528,9396,67644,,,,,,3036,53376,107892,,,,,,140,2990,96700,11590,,,,,,,,,,3.52,8.67,4.22,5.55,1.58,4.38,,,,,,,,,
1546,,,,,,,,,,,,807,,669,334,,607,535,,,,,,1369,,708,104,475,76,,4019.8,36198.4,196505.6,,3480,31800,61800,,,,,,,,,,11316,240852,245172,,,,,,,,,,,,,,,,,,,10.08,5,6.67,11.14,4.42,6.16,,,,,,,,,
1547,,,,,,,,,,,,560,,461,268,,580,513,,,,,,1281,,506,86,437,54,,,19129.4,74830.9,,3864,84456,218508,,216,16968,43452,,,,,,36,37440,54000,,,,,,,,,,,,,,,,,,,,,7.5,7.32,5.12,4,,,,,,,,,
1548,,,,,,,,,,,,572,,532,254,,519,452,,,266,,,1231,,493,76,381,53,,,12938.1,62882.6,,3624,107496,254736,,192,16344,39660,,,,,,1380,136032,200616,,,,,,,,,,,,,,,,,,,6.39,12,4.75,5.51,7.9,4.98,,,,,,,,,
1549,,,,,,,,,,,,638,,477,380,,539,500,,,272,,,1336,,535,82,394,58,,,25387.35,135373.6,,420,32832,71772,,,,,,403,33449,57239,,540,66492,142968,,,,82824,,,,,,,,,,,,,,,10.96,7.33,4.8,8.84,6.71,5.4,5.86,,,,,,,,
1550,,,,,,,,,,,,720,,657,277,,528,447,,,181,385,,1201,,571,90,379,63,126,636.3,63455.6,105178.1,232.3,1536,55908,95532,,456,29472,64272,,,,,,228,83292,88512,,,,,,,,,,,,,,,,,,,6.39,4.9,5.5,4.7,7.32,5.43,4.89,,,,,,,,
1551,,,,,,,,,,,,751,,686,335,,538,375,,,165,367,,1277,,500,77,368,56,128,3201.7,201313.2,247682.3,141.4,3888,145548,293832,,4812,114936,256128,456,14157,381212,393107,1092,1056,156552,184092,96,,38880,292584,60,,950,89950,,,,,,,,,,,2.42,3.4,3.67,4.97,6.05,3.84,5.6,,,,,,,,
1552,,,,,,,,,,,,806,,768,235,,632,495,,,188,392,,1419,,631,130,452,72,132,1595.8,353126.3,486123.1,,,,,,,,,,,,,,2052,84300,81348,,,,,,,,,,,,,,,,,,,6.84,4.75,,7,7.4,6.43,4.64,,,,,,,,
1553,,,,,,,,,,,,771,,652,213,,554,646,,,164,365,,1285,,462,116,323,52,146,,39662.7,74659.2,,8388,157428,223920,,5544,146100,237840,28572,5239,128960,151684,1404,4512,121548,152388,,,,,,,,,,,,,,,,,,,7,9,,9.07,7.19,,7.12,,,,,,,,
1554,,,,,,,,,,,,160,,647,167,,553,528,,,209,416,,1382,,520,109,414,61,113,,119119.4,307747,,7440,291720,525000,,4020,156276,269556,21960,5109,153166,232544,663,4224,284448,312552,324,,17748,213816,,,880,52040,,,,,,,,,,,2.81,,,8,5.95,,4.24,,,,,,,,
1555,,,,,,,,,,,,918,,656,161,,633,583,,,223,432,,1448,,677,111,427,77,137,1634,317147.4,529634.8,23.5,18948,468540,688716,,7548,207708,338544,28500,6188,317382,332358,923,8796,486708,432216,840,,89424,278652,,,250,58640,,,,,,,,,,,4.12,7.1,,6.26,5.86,,7.06,,,,,,,,
1556,,,,,,,,,,,,710,,531,126,,442,567,,,207,414,,1234,,626,101,362,70,125,,,,,,,,,,9432,68160,,,,,,,,,,,,,,,,,,,,,,,,,,,4.7,,,6.87,5.33,,6.37,,,,,,,,
1557,,,,,,,,,,,,978,,813,264,,575,775,,,313,531,,1622,,617,113,430,72,194,,,,,396,21936,53640,,,,,,,,,,,,,,,,,,,,,,,,,,,,,,,7.02,,,7.88,7.31,,2.9,,,,,,,,
1558,,,,,,,,,,,,1062,,883,319,398,538,610,,,238,448,,1559,,791,126,433,89,119,9439.35,380647.95,839028.8,2060.2,22680,385176,673548,456,12708,203784,490284,28608,19227,417274,649363,6578,8628,329712,441000,816,,41136,476760,168,,3680,153600,4140,,,,,,,,,,6.88,8.05,,8.86,5.95,,6.66,,,,,,,,
1559,,,,,,,,,,,,766,,634,300,288,486,565,,,269,482,,1354,,660,116,385,76,106,,,,,,,,,,,,,,,,,,,,,,,,,,,,,,,,,,,,,,4.58,2.07,,9.49,6.25,,5.23,,,,,,,,
1560,,,,,,,,,,,,868,,720,300,346,568,626,,,251,463,,1437,,679,67,391,78,145,,,,,,,,,,,,,,,,,,,,,,,,,100,6670,147150,9270,,,,,,,,,,,5.67,,,4.32,,5.88,,,,,,,,
1561,,,,,,,,,,,,925,,768,325,358,625,547,,,199,487,,1627,,665,82,422,78,126,,,,,,,,,,,,,,,,,,,,,,,,,,,,,,,,,,,,,,,,,,2.21,,5.68,,,,,,,,
1562,,,,,,,,,,,,835,,692,231,293,480,430,,,251,408,,1651,,658,135,386,76,128,,,,,,,,,,,,,,,,,,,,,,,,,,,,,,,,,,,,,,3.47,4.01,,6.3,5.66,,2.92,,,,,,,,
1563,142,132,135,143,,,,,,,,1074,,893,357,443,617,759,,,267,433,,1796,,658,143,432,79,168,,,,,,,,,,,,,,,,,,,,,,,,,,1200,57620,12350,,,,,,,,,,3.92,6.76,,10.59,4.94,,5.29,,,,,,,,
1564,182,129,91,160,,,,,,,,990,405,823,321,313,598,580,,,282,454,,1661,,643,141,411,77,149,,,,,,,,,,,,,,,,,,,,,,,,,,,,,,,,,,,,,,11.19,2.9,,5,5.42,,4.81,,,,,,,,
1565,271,6,164,164,,,,,,,,804,336,666,270,319,536,675,,,245,404,,1437,1846,758,96,378,87,136,,,,,,,,,,,,,,,,,,,,,,,,,,,,,,,,,,,,,,3.34,10.3,,7.43,3.9,,2.64,,,,,,,,
1566,118,60,62,106,,,,,,,,925,408,768,293,360,490,596,,,165,350,,1285,2073,708,98,419,84,143,,,,,,,,,,,,,,,,,,,,,,,,,,300,122330,3300,,,,,,,,,,,,,,5.19,,4.2,,,,,,,,
1567,,,,,,,,,,,,1065,449,886,339,387,605,668,,,219,422,,1517,2170,922,120,547,109,132,,,,,,,,,,,,,,,,,,,,,,,,,,20,74850,1530,,,,,,,,,,4.89,,,5.84,4.83,,4.48,,,,,,,,
1568,204,76,44,162,,,,,,,,922,335,766,255,316,606,643,,,229,484,,1474,2143,858,125,508,102,142,,,,,,,,,4140,118860,194460,4200,,,,,,,,,12,27060,345480,60,,170,58950,3750,,,,,,,,,,5.27,6.11,,7.41,6,,4.51,,,,,,,,
1569,,,,,,,,,,,,726,270,601,279,267,553,623,,,237,430,,1413,2288,805,130,517,95,131,,,,,,,,,4104,90804,198660,5040,,,,,,,,,,37260,397920,144,,,,,,,,,,,,,,5.63,8.17,,8.21,5.4,,5.68,,,,,,,,
1570,,,,,,,,,,,,824,354,683,342,399,661,636,,,218,426,,1459,2114,772,128,482,94,147,270.25,91190.95263,141975.7974,,,,,,,,,,,,,,,,,,,,,,,,,,,,,,,,,,,3.21,5.2,,5.85,5,,4.99,,,,,,,,
1571,,,,,,,,,,,,784,229,649,223,233,421,385,,,168,299,,1099,1639,622,100,359,76,134,,,,,,,,,3444,86544,231960,15996,,,,,,11160,7200,,252,23232,438444,216,575,5108.333333,80266.66667,25483.33333,,,,,,,,,,2.51,4.17,,4.63,4.05,,3.59,,,,,,,,
1572,239,126,94,215,,,,,,,,591,363,396,287,386,570,639,,,230,439,,1489,2276,736,136,393,88,156,,,,,20160,380940,460320,1680,4176,73680,111516,7740,5746,206927.5,136630,5590,12060,309660,199260,2280,240,32904,361200,240,,,,,,,,,,,,,,3.56,6,,7.17,4.83,,1.94,,,,,,,,
1573,,,,,,,,,,,,875,352,614,359,526,657,791,,,235,447,,1280,2158,717,87,470,89,154,,,,,,,,,,,,,9685,217815,137995,5161,,,,,,,,,,,,,,,,,,,,,,6.26,4.71,,5.48,5.51,,3.82,,,,,,,,
1574,243,119,91,237,,,,,,,,649,238,470,175,326,531,623,,,245,463,,1185,1597,746,121,363,89,90,,,,,,,,,,,,,,,,,,,,,,,,,,,,,,,,,,,,,,2.48,3.81,,4.3,5.5,,2.98,,,,,,,,
1575,219,83,119,216,,,,,,,,684,378,588,379,434,609,725,,,275,525,,1673,2419,730,123,439,90,152,,,,,,,,,9000,210804,246060,16560,,,,,,,,,192,76368,470736,1560,1170,10060,69750,47650,,,,,,,,,,6.01,4,,8.13,5.24,,4.04,,,,,,,,
1576,,,,,,,,,,,,673,303,557,348,401,589,669,,,234,460,,1411,2113,840,114,440,101,104,,,,,,,,,8880,158268,269460,20928,,,,,,,,,1920,82680,576840,17040,,,,,,,,,,,,,,4.77,10.56,,6.51,5.13,,3.98,,,,,,,,
1577,,,,,,,,,,,,731,363,642,288,354,617,753,,,295,525,,1502,2086,782,113,394,94,122,5595.4,60197.62961,277946.5704,4938.9,,,,,12312,144756,280632,20400,12545,115999,207311,14027,492,17736,32412,408,780,22884,382164,2568,2620,43650,77020,85810,,,,,,,,,,6.11,,,5.12,5.65,,2.78,,,,,,,,
1578,190,116,85,161,,,,,,,,711,274,562,299,373,619,861,,,296,501,,1467,2206,664,111,430,85,122,8711.6,170003.1673,413824.0827,4573.45,480,36108,36684,,2616,116340,288444,34956,,,,,156,49848,82464,108,600,32868,489900,4464,2030,5150,94250,111900,,,,,,,,,,1.94,,,6.79,3.01,,4.39,,,,,,,,
1579,257,38,93,181,,,,,,,,687,352,688,294,375,617,624,,,235,506,,1420,1742,636,92,315,81,119,2989.6,188497.0723,209675.2277,2747.2,,,,,720,46596,270324,18708,,,,,0,14952,19980,0,408,16152,389664,1944,530,4520,45200,36300,,,,,,,,,,3.51,7,,3.54,4.12,,4.49,,,,,,,,
1580,259,113,78,233,,,,,,,,763,294,747,278,450,755,759,,,249,570,,1600,2036,694,110,398,87,147,16190.3,296233.5398,571097.9602,6453.9,,,,,3120,129636,249612,23604,14898,445887,128440,21554,732,28512,9264,852,204,19800,327024,3996,700,6400,10450,28820,,,,,,,,,,3.01,7.6,,6.86,4.66,,3.75,,,,,,,,
1581,212,90,84,177,,,,,,,,630,367,716,337,439,646,825,,,233,532,,1679,2394,663,107,393,84,119,6696.95,203293.5996,354616.6004,1684.85,,,,,3456,86568,220668,25212,13585,303966,152113,23959,,,,,420,24768,441528,3684,3540,8330,54860,115140,,,,,,,,,,4.28,2.46,,7.53,5.68,,4.61,,,,,,,,
1582,,,,,,,,,,,,442,284,719,284,280,618,615,,,227,542,,1365,2022,801,114,435,99,112,30744.4,412996.0544,807918.7456,10998.9,60,47100,74712,180,2136,170148,165252,31644,1079,24479,29874,1534,,,,,552,50652,572808,6684,3030,10160,62050,111620,,,,,,,,,,3.62,3.71,,5.51,5.4,,4.35,,,,,,,,
1583,161,88,118,31,,,,,,,,466,273,690,241,379,600,813,,,227,514,,1362,1840,664,114,332,83,106,18530.05,322888.6507,572772.0493,5270.35,60,4596,7044,,10032,324852,382464,52284,21164,509535,194324,26247,,,,,600,50376,278376,3804,1770,1730,44200,55160,,,,,,,,,,2.73,4.15,,6.71,4.98,,7.16,,,,,,,,
1584,96,56,59,48,,,,,,,,628,298,807,260,396,658,752,,,223,551,,1587,2059,478,95,384,39,125,36137.8,327868.1833,624483.1667,5252,516,48996,68460,12,3612,170544,258036,12696,7267,350194,319137,12714,384,77964,42588,240,684,26412,453312,1908,1870,1950,36690,42640,,,,,,,,,,2.91,,,8.53,3.24,,5.36,,,,,,,,
1585,174,159,124,133,,,,,,,,652,310,698,295,438,645,753,,,231,539,,1580,2161,667,107,408,94,95,21068.1,340012.4056,542070.6944,4211.7,,,,,17640,336360,379128,30816,18356,457509,376779,15574,,,,,852,66336,465240,1620,3380,12240,90500,75410,,,,,,,,,,5.36,1.14,,5.11,4.89,,3.95,,,,,,,,
1586,166,126,74,195,,,,,,,,291,186,610,186,346,556,582,,,217,425,,1257,1447,625,100,316,68,,35370.2,201606.1,544167.8,8696.1,,,,,3048,101772,69312,5640,13845,341562,222833,20761,,,,,708,34200,385848,2196,4790,12880,59190,94930,,,,,,,,,,1.66,3.36,,5.1,4.79,,5.63,,,,,,,,
1587,185,43,44,210,,,,,,,,565,284,688,246,354,567,635,,,193,475,,1494,2178,670,110,389,93,103,58670.9,320582.7347,650589.7653,12655.3,,,,,12120,327156,340008,30420,20722,456443,246220,21515,,,,,228,18948,295596,624,2640,13760,59400,94040,,,,,,,,,,4.17,5.54,,7.8,5.96,,3.93,,,,,,,,
1588,136,126,50,105,,,,,,,,454,238,582,272,416,552,629,,,160,498,,1314,1921,623,100,342,89,101,53144.7,336000.8676,570702.3324,13665.3,2268,39504,28560,,4584,213900,189156,13392,17706,424177,216866,10738,2436,122280,92268,2544,24,18528,245412,792,2710,14310,50300,109020,,,,,,,,,,3.82,11.5,,5.73,6.61,,4.21,,,,,,,,
1589,,,,,,,,,,,,524,190,559,221,310,545,543,,,178,461,,1219,1662,570,97,311,68,109,31771.4,273930.5018,615119.5482,8989,1104,48468,56364,,1404,127860,164412,1308,19721,362297,121199,10738,456,70572,63324,24,168,37020,361476,2748,2940,20500,73640,157690,,,,,,,,,,2.46,2.77,3.6,4.14,4.5,5.4,3.61,,,,,,,,
1590,175,105,60,170,,,,,,,,568,245,595,225,379,504,710,,,218,470,,1188,1918,591,111,347,83,48,58913.3,335038.295,538775.055,7645.7,,,,,5676,211176,162564,18528,29016,476905,284284,15418,,19176,7272,,168,43644,252072,2520,,,,,,,,,,,,,,4.12,6.55,5.08,6.58,3.51,5.53,1.61,,,,,,,,
1591,274,52,73,173,,,,,,,,589,392,678,235,350,622,943,,,245,507,,1356,2117,667,108,413,46,31,84304.7,399434.8,637294.85,8691.05,2352,102168,121524,,6540,207204,183180,9840,46995,614939,344370,15834,300,17568,7692,180,,,,,,,,,,,,,,,,,,5.89,5.17,7.82,5.35,6.32,6.99,6.52,,,,,,,,
1592,286,142,64,189,,,,,,,,473,268,588,244,393,517,625,,,251,486,,1279,1595,555,94,322,70,55,82860.4,479830.8,764832.6,6272.1,1272,52224,65532,,192,51540,50688,10776,40729,507650,392678,8814,1212,96036,77520,396,552,113064,464688,3024,,,,,,,,,,,,,,5.98,6.27,11.25,3.88,4.11,5.45,5.75,,,,,,,,
1593,,,,,,,,,,,,465,300,600,227,309,563,811,,,261,478,,1459,2450,668,115,397,106,69,38446.05,132768,695465.65,5252,4008,179532,260364,120,4416,73176,134664,1368,14183,210028,403091,9243,1212,62316,69456,300,,,,,,,,,,,,,,,,,,10.98,6.37,9.14,6.91,5.88,7.8,7.23,,,,,,,,
1594,235,108,62,176,,,,,,,,498,293,554,222,286,550,748,,,255,476,,1306,1778,787,105,369,92,61,40521.2,251548.4815,654130.7185,7787.1,,,,,2280,108000,182220,16752,18694,267124,227032,15379,,,,,,2040,45240,192,,,,,,,,,,,,,,4.78,5.35,7.3,4.57,4.36,5.06,5.06,,,,,,,,
1595,127,115,82,110,,,,,,,,400,222,496,217,264,575,690,,,245,462,,1405,1785,596,109,301,75,81,31330.7,334861.7,592784.8,10615.1,,,,,,,,,20202,452998,384943,17004,,,,,,,,,,,,,,,,,57.9,,,,46,7.56,5.98,6.6,7.22,4.75,4.85,5.31,,,,,,,,
1596,307,121,58,270,,,,,,,,526,410,653,242,381,605,864,,,239,489,,1718,2426,743,117,396,116,103,9958.6,243081.3769,673682.6731,10201,2052,27324,86748,948,,,,,9152,203892,281294,9477,144,6456,36960,2016,,,,,,,,,,,,,65.7,,,,65.7,3,5.37,8.22,9.55,6.09,7.95,4.89,,,,,,,,
1597,197,68,70,208,,,,,,,,463,341,608,241,378,611,724,,,262,524,,1542,2192,765,114,368,106,83,2061.25,40062.55,332985.1,9544.5,3168,141924,227112,2940,336,10296,26436,7776,2717,89024,253201,13962,924,47220,69132,2940,72,6936,138732,4560,,,,,,,,,71.4,,,,71.4,4.14,9.08,13.87,5.22,4.58,5.05,7.07,,,,,,,,
1598,300,68,26,207,,,,,,,,351,226,519,223,292,540,766,,,230,421,,1380,1930,747,114,325,107,85,10443.2,158896.75,284588.6,2272.5,2760,123576,250260,1680,1020,36540,98268,3660,5694,215306,213148,14560,312,72456,71040,1188,,11364,116604,7644,,,,,,,,,75.8,,,101.1,90.6,8.1,5.12,13.87,7.66,5.26,4.78,4.08,,,,,,,,
1599,373,58,63,213,,,,,,,,425,341,570,233,341,615,677,,,259,519,,1687,2181,697,113,269,115,99,15984.7,192804.7,499812.4,10150.5,2148,113100,148620,396,2544,22992,32244,3132,12051,285207,185848,17082,384,81348,69504,480,,,,,4510,23340,35660,274820,,,,,7.79,,,104,93.2,3.82,6.7,5.29,6.64,5.49,5.97,3.78,,,,,,,,
1600,371,109,,262,,,,,,,,407,323,554,226,308,601,762,,,253,503,,1567,2494,831,113,395,118,95,81332.1,687823.95,858268.55,38784,18720,501900,445800,6240,4440,157140,124860,3120,28249,626184,326235,24154,9060,356124,260760,8700,60,15600,250656,1800,5600,24430,62680,283340,,,,,88.8,,,11.11,100.6,5.75,5.04,10.83,5.7,5.3,8.71,4.3,,,,,,,,
1601,331,50,79,347,,,,,,,,405,374,554,226,305,603,940,,,267,532,,1476,2033,639,118,337,101,92,7722.4,157563.95,398092.1,5817.6,,,,,,,,,,,,,,,,,,132,48048,,840,12070,34520,157780,,,,,91.1,,,86.1,88.4,3.78,5.36,3.25,6.18,4.68,6.72,5.28,,,,,,,,
1602,157,70,39,103,,,,,,,,457,356,567,229,322,904,776,,,273,503,,1538,2138,795,123,368,122,119,7927.65,297749.6,400021.55,1383.7,,,,,,,,,3159,316407,231166,2431,,,,,,,,1692,660,10480,17220,183520,,,,,109.2,,,9.13,99.4,2.4,6.64,4.09,7.94,5.64,6.61,7.93,,,,,,,,
1603,231,37,56,201,,,,,,,,413,307,562,224,296,541,642,,,297,489,,1251,1458,693,109,287,105,99,262.6,166589.4,503040.6,4484.4,204,215952,162372,264,312,67296,157428,1608,156,40144,37505,663,60,136824,59028,60,,2268,41940,26916,960,3050,22980,145170,,,,,120.3,,,98,108.5,5.41,6.68,7.64,5.14,4.58,5.47,5.66,,,,,,,,
1604,155,61,36,147,,,,,,,,546,386,598,256,448,646,867,,,301,574,,1421,2442,995,125,366,126,140,6817.5,409696.4,541501.4,12311.9,360,302436,342720,960,1752,273312,318072,11076,3510,448175,171236,12948,168,265080,190008,5136,,21372,162924,42072,1420,15510,46620,271120,,,,,114.2,,,110.9,112.5,3.82,6.11,11.29,5.29,4.89,6.94,7.14,,,,,,,,
1605,141,36,64,102,,,,,,,2.887,422,348,610,248,410,667,880,,,265,560,,1594,2160,756,119,399,96,131,22028.1,385173.6,448631.9,17644.7,,,,,,,,,,,,,,,,,60,9516,299244,49776,1560,22760,64950,298600,,,,,102.8,,,99.4,101.1,3.74,9.64,8.69,7.33,5.03,5.57,4.04,,,,,,,,
1606,96,60,48,137,,,,,,,2.7083,436,264,494,216,259,613,624,,,286,547,,1655,2295,879,114,379,114,104,,,,,,,,,,,,,28938.84,667088.64,117148.06,19277.9,,,,,108,26460,403632,11208,1310,26910,45450,274570,,,,,95.4,99.9,91.6,97.5,95.9,6.08,7.14,9.13,4.18,3.99,6.27,4.14,,,,,,,,
1607,183,80,87,118,,,,,,,3.4531,418,274,567,248,409,601,766,,,269,578,,1617,2081,874,130,378,130,115,,,,,,,,,,,,,,,,,,,,,156,49272,475272,56520,2410,33590,39120,285520,,,,,94.7,102.7,98.5,97.6,98.5,6.1,6.24,4.5,5.95,7.45,6.49,4.08,,,,,,,,
1608,249,64,23,225,,,,,,,4.0598,355,242,524,247,404,627,839,,,282,532,,1500,1831,783,102,357,122,91,,,,,,,,,,,,,23368.04,46545.5,293.2,24247.64,,,,,,,,,,,,,,,,,101.8,108.9,109.9,102.1,106.1,2.24,7.86,6.6,5.56,6.08,6.2,4.2,,,,,,,,
1609,60,77,107,121,,,,,,,2.8605,402,237,533,239,368,843,726,,,306,541,,1679,2272,821,124,384,139,130,62339,323515.2,611328.9,17213.55,7975.04,549280.88,630057.48,17562.68,9455.7,483134.96,590035.68,38013.38,,,,,4969.74,391026.18,354141.62,28894.86,,12,900,7224,3510,24660,45390,285410,,,,,105.3,113.3,110.8,106.3,109.2,3.83,5.31,6.5,4.09,5.57,5.05,3.25,,,,,,,,
1610,146,105,58,64,,,,,10.42,8.019,3.3393,381,190,508,233,339,1062,904,,,270,610,,1430,1861,748,100,333,109,99,,,,,,,,,,,,,,,,,,,,,168,31476,581160,10872,2650,35362.5,36012.5,332400,,,,,109.2,113.8,112.2,101.7,109.6,6.26,7.41,6.27,6.47,5.59,4.91,4.53,,,,,,,,
1611,192,50,80,134,,,,,,,4.2313,345,233,505,242,382,643,687,,,287,614,,1661,2305,775,90,381,104,137,55552.9,284452.7,577254.75,11732.5,,,,,3826.26,51529.9,87916.02,26490.62,33747.32,,,31768.22,,,,,168,50628,563544,47676,3325,35587.5,15937.5,325750,,,,,121.7,94.2,101.8,105.6,105,3.85,8.52,9.08,4.89,4.37,6.31,4.7,,,,,,,,
1612,211,124,50,143,,,,,,,2.9803,411,193,602,242,341,784,678,,,282,537,,1478,1971,728,99,368,117,127,27246.1,254433.5,514279.9,11388.5,,43554.86,66952.22,,1803.18,,,22092.62,5937.3,93472.16,23499.98,2096.38,,,,,84,14556,386100,48348,,,,,,,,,144,114.4,116.4,125.9,124,4.82,7.92,4.81,5.85,6.05,3.59,4.47,,,,,,,,
1613,,,,,,,,,,,4.0975,292,,550,233,339,853,734,,,302,563,,1387,1781,831,96,371,110,145,,,,,7344.66,57130.02,12182.46,6142.54,6318.46,,,16111.34,8898.62,104247.26,21946.02,9690.26,4031.5,263909.32,195813.62,7960.38,48,8712,79488,25236,2137.5,53100,,291862.5,,,,,152.8,115.5,121.9,130.1,128.8,5.4,5.7,6.17,5.86,6.7,5.54,3.69,,,,,,,,
1614,366,173,40,261,,,,,,,3.0502,230,160,365,189,128,500,449,,,164,202,,365,871,273,74,104,30,91,11392.8,52025.1,148348.8,333.3,12519.64,,,11610.72,9529,,,23587.94,,,,,5350.9,152317.4,118320.86,18486.26,0,77100,130908,3780,1850,,,287850,,,,,145.8,128,127.2,136.6,133.7,0.72,1.54,2.92,5.96,2.38,1.91,6.44,,,,,,,,
1615,266,48,77,231,,,,,,,3.6106,,,,234,342,847,730,,,282,533,,1399,1922,777,115,378,120,120,373.7,11938.2,60367.7,909,3166.56,79574.48,162755.32,7066.12,3562.38,,,16023.38,3210.54,124507.38,,5541.48,73.3,25053.94,29407.96,1084.84,12,4116,80868,43632,850,14400,28275,222300,,,,,132.4,119.8,115.6,129.4,123.5,3.01,6.23,5.24,5.24,4.78,4.77,0.47,,,,,,,,
1616,,,,,,,,,42.581,11.812,3.8756,,,,240,371,941,806,,,311,599,,1502,1985,930,111,415,131,101,18428.7,116814.9929,202365.6571,1141.3,4016.84,,,4398,2785.4,,,14102.92,,,,,1260.76,89821.82,117.28,3195.88,,56052,179340,7284,,,,,,,,,126.2,118.6,111.7,124.7,119.3,10.36,9.73,10.57,7.27,6.5,7.5,3.76,,,,,,,,
1617,181,39,65,185,,,,,,,2.8057,,,,247,407,872,750,,,347,625,,1207,1935,797,103,397,126,102,4373.3,74527.9,34744,2100.8,4559.26,,,2404.24,8033.68,,,23881.14,,,,,2199,,,5204.3,,56172,130620,5928,225,11437.5,,280050,,,,,116.8,105.3,100.5,117.9,108.3,2.87,7.08,6.5,8.59,5.22,8.26,6.4,,,,,,,,
1618,115,118,38,180,,,,,,,3.5761,,,,240,374,930,797,,,334,631,,1544,1491,766,81,392,122,87,,,,,,,,,8488.14,,,12798.18,8033.68,,,2668.12,1040.86,,,1084.84,,,,47520,587.5,33437.5,11287.5,318637.5,,,,,115.5,109.7,114,123.9,114.4,4.18,6.55,10.1,6.26,4.91,7.97,7.07,,,,,,,,
1619,273,52,91,234,,,,,,,3.7121,608,330,640,220,277,927,794,,,323,585,,1444,1951,738,81,390,106,89,13159,76601.75,91713.1,343.4,,,,,7681.84,,,21535.54,26549.26,343879.62,70617.22,20611.96,,,,,,38520,107520,29820,1250,16912.5,7375,341550,,,,,109.2,103.7,106.2,118.7,107.5,6.87,6.54,7,6.89,6.04,5.66,5.69,,,,,,,,
1620,356,53,44,245,,,,,,,4.0867,731,419,742,224,297,639,688,,,261,538,,1413,1933,711,93,365,98,114,23785.5,214786.6,290667.9,9160.7,,,,,6553.02,,,30228.92,7535.24,126266.58,29569.22,6523.7,,,,,,102636,222276,53364,550,14225,3762.5,241812.5,,,,,105.8,101.7,104.5,122,106.3,4.08,6.36,8.73,6.26,4.73,6.76,4.67,,,,,,,,
1621,292,33,74,155,,,,,,,3.0189,816,473,785,223,291,899,772,,,342,533,,1514,1992,860,107,392,112,116,11918,132673.6,285042.2,6080.2,1480.66,,,615.72,2932,,,10775.1,7036.8,138888.84,91859.56,8664.06,1290.08,,,3019.96,,,,37920,2062.5,22600,5625,318100,,,,,109.2,102.6,105.2,126.6,107.7,5.66,5.65,6.78,4.59,3.26,5.39,5.26,,,,,,,,
1622,153,81,36,154,,,,,,,3.0324,690,287,547,235,351,820,708,,,322,535,,1325,1882,845,104,359,94,90,6605.4,32009.64145,377191.8585,1908.9,,,,,3518.4,,,9968.8,8620.08,131470.88,66219.22,20054.88,,,,,,,,,1362.5,,,260525,,,,,114.4,11.1,110,132.3,114.5,5.74,3.12,5.87,5.74,4.5,4.41,4,,,,,,,,
1623,298,88,73,306,,,,,,,4.2184,707,448,640,242,384,1043,888,,,297,551,,1205,1884,671,94,390,105,118,656.5,,,,4500.62,,,2199,3371.8,,,18588.88,13619.14,229326.38,37764.16,15744.84,4588.58,56983.42,41971.58,3782.28,,,,,1362.5,,,260525,,,,,114.7,111.7,106.5,127.4,113.2,3.77,2.3,4.5,6.04,4.61,6.12,2.87,,,,,,,,
1624,,,,,,,,,,,2.8368,566,439,624,288,227,792,685,,,286,553,,1429,1482,809,98,337,99,113,,,,,,,,,1861.82,,,8356.2,,,,,952.9,,,879.6,780,,,2400,1687.5,,,285200,,,,,107.1,102.8,97.4,112,103.4,6.14,5.78,9.15,6.52,5.86,7.07,2.29,,,,,,,,
1625,,,,,,,,,,,3.1695,668,340,601,233,313,627,552,,,369,580,,1333,1598,794,122,360,102,103,3838,,,,,,,,2506.86,4192.76,5262.94,9045.22,14557.38,178632.1,5116.34,4676.54,,,,,780,,,2400,1687.5,,,287687.5,,,,,102.4,96.4,87,173.5,105.8,7.25,4.37,6.81,4.94,4.62,4.98,4.83,,,,,,,,
1626,,,,,,,,,,,3.0802,716,373,634,250,404,689,480,,,316,422,,1518,2198,854,131,386,119,103,,,,,,,,,2301.62,,,8722.7,8253.58,,,2844.04,,,,,780,,,2400,1562.5,,,238175,,,,,111.6,99.1,87.2,99.1,98.5,5.78,4.32,8.17,6.52,6.1,7.5,5.31,,,,,,,,
1627,,,,,,,,,,,3.6006,564,344,576,228,237,605,616,,,319,529,,1358,1573,845,113,411,105,116,,,,,,,,,234.56,,,11229.56,10437.92,,,24247.64,,,,,,,,,1700,,,288937.5,,,,,108.6,109.2,114.9,91.1,105.6,1.36,6.89,6.3,5.51,5,6.28,6.03,,,,,,,,
1628,,,,,,,,,,,3.5043,705,376,670,260,392,834,692,,,346,514,,1160,1859,919,112,369,118,,,,,,,,,,3650.34,,,14102.92,19952.26,,,28792.24,,,,,780,,,2400,1700,,,288937.5,,,,,108.1,128.2,119.8,83.4,115.2,8.14,5.42,5.44,5.14,4.19,6,2.82,,,,,,,,
1629,,,,,,,,,,,4.5018,636,434,648,221,316,782,684,,,323,428,,1315,1660,862,120,367,106,100,,,,,1128.82,,,1568.62,4354.02,,,21081.08,3621.02,,,2844.04,1935.12,,,4588.58,,,,,2025,,,274612.5,,,,,91.5,123.9,113.5,81,107.4,2.26,3.99,7.13,4.84,5.54,6.23,3.52,,,,,,,,
1630,274,121,55,244,,,,,,,3.7762,516,357,565,184,239,573,536,,,282,487,,1261,1047,693,125,334,90,66,33875.4,254972.6112,287714.7888,16432.7,,,,,7652.52,5189.64,4485.96,23030.86,17254.82,48319.36,30800.66,15480.96,,,,3694.32,780,,,2400,3287.5,,,243050,,,,,89,122.1,110,72.2,103.7,3.16,4.27,4.07,2.71,3.17,4.46,3.32,,,,,,,,
1631,,,,,,,,,,,4.2213,646,356,650,246,389,639,692,,,355,442,,1221,1860,797,114,351,115,86,34653.1,238826.8127,367203.4873,27926.5,,,,,4544.6,,,21579.52,,,,,,,,,,,,,987.5,,,271800,,,,,90.6,113.5,103.6,74.9,98.8,6.53,6.44,5.63,6.5,4.6,5.36,3.63,,,,,,,,
1632,290,81,57,253,,,,,,,3.6414,640,351,503,281,367,706,705,,,362,454,,1176,1395,760,123,383,137,83,47289.35,388811.4847,379508.4653,37697,,,,,5526.82,,,19937.6,,,,,,,,,,,,,,,,,,,,,98.1,127,112.5,80.1,107.8,5.43,5.11,3.8,6.98,5.82,5.32,3.42,,,,,,,,
1633,178,73,110,178,,,,,,,3.997,713,399,521,286,305,834,815,,,346,450,,1139,1278,782,129,354,127,90,16622,185154.8851,391360.0649,44443.95,,,,,601.06,,,18222.38,,,,,,,,,,,,,,,,,,,,,98.1,116,103.9,82.1,102.6,4.35,5.04,6.25,5.06,4.86,4.4,4.55,,,,,,,,
1634,178,107,48,160,,,,,,,,542,301,535,214,395,658,761,,,343,457,,1147,1254,903,126,361,133,70,9416.7,101789.9586,433600.8914,49377.5,,,,,586.4,,,22854.94,,,,,,,,,,,,,200,,,269162.5,,,,,100.9,116.7,107,91.7,106,6.47,5.04,5.12,5.65,5.1,5.29,4,,,,,,,,
1635,120,69,43,104,,,,,,,3.8413,650,284,565,210,330,655,674,,,321,442,,1255,1281,690,120,320,108,104,21324.4,204755.6775,439240.6225,52182.6,,,,,645.04,,,17064.24,,,,,,,,,,,,,,,,,,,,,105.3,95.9,92.6,93.8,96.8,6.4,5.52,4.68,5,4.47,5.05,3.98,,,,,,,,
1636,80,59,12,95,,,,,,,4.2867,676,423,594,264,281,714,825,,,338,501,,1568,1435,880,134,374,147,109,28247.9,212934.5192,444905.5808,34903.75,1466,,,10203.36,1143.48,,,15774.16,219.9,,,1656.58,2785.4,31152.5,26461.3,19761.68,,,,7140,,,,,,,,,117,99.3,101.6,103,104.8,5.86,6.77,6.96,7.17,6.39,6.22,4.75,,,,,,,,
1637,,,,,,,,,,,3.1603,646,300,613,215,254,594,661,,,319,498,,1196,1262,654,129,348,122,71,28523.25,235294.1749,501551.9751,28128.5,,,,,3254.52,,,17797.24,,,,,,,,,,,,10872,,,,,,,,,121.9,86.3,80.7,108.1,96.5,6.98,5.19,5.56,7.81,5.69,4.11,5.72,,,,,,,,
1638,,,,,,,,,,,3.6004,656,304,612,264,310,819,795,,,339,497,,1300,1399,911,137,364,137,99,67419.4,367547.9059,589763.8941,36167.65,11684.02,,,19292.56,11566.74,,,33864.6,1422.02,,,1597.94,15568.92,40036.46,30639.4,25112.58,,,,14604,,,,,,,,,129.7,100.1,94.9,107.6,106.9,5.27,5.54,6.84,8.14,5.39,5.41,7.34,,,,,,,,
1639,,,,,,,,,,,3.7496,825,398,779,360,507,908,973,,,378,581,,1703,1522,1073,142,477,162,128,88810.8,380865.2828,560728.5672,45124.55,14249.52,,,19365.86,16829.68,,,36503.4,3137.24,,,2712.1,15554.26,,,36488.74,,,,14208,,,,,,,,,123,104.4,98.2,105,106.8,6.95,5.75,7.75,10.2,7.11,6.41,4.5,,,,,,,,
1640,146,122,40,185,,,,,,,4.0667,592,282,568,289,333,729,866,,,352,526,,1264,1431,979,144,453,145,114,93185.8,364302.6275,589593.6225,61976.4,16515.956,,,19811.524,17357.44,,,40417.62,44683.68,,,24614.14,14865.24,,,31782.88,,,,11040,847,,,330935,,,,,106.2,85.6,85.3,85.5,189.9,7.29,3.9,5.44,7.77,5.76,4.77,5.52,,,,,,,,
1641,,,,,,,,,,,4.4528,482,272,513,247,320,632,764,,,306,429,,1134,1311,865,143,423,128,101,85343.75,331341.9008,564523.8492,66498.35,15328.496,,,10298.65,17342.78,,,39625.98,1363.38,,,733,16917.64,,,25068.6,,,,5376,264,,,235961,,,,,89,78.9,80.4,87.4,83.7,1.34,6.2,5.62,7.65,3.55,3.54,4.38,,,,,,,,
1642,,,,,,,,,,,4.188,706,360,708,302,326,535,693,,,215,419,,1353,1525,992,144,505,150,134,83164,352148.241,648938.959,81683.55,15872.382,,,33364.694,25801.6,,,80820.58,1040.86,,,1128.82,16419.2,,,31694.92,1080,,,14052,253,,,413138,,,,,92.4,95.8,95.7,91.3,93.4,2.46,7.07,5.72,6.25,5.81,5.64,3.79,,,,,,,,
1643,,,,,,,,,,,3.7481,586,428,613,284,283,694,903,,,340,548,,1639,1811,1195,173,506,138,132,64268.8,345317.9218,578062.5282,57606.6,5371.424,,,20779.084,7154.08,,,48509.94,513.1,,,659.7,6465.06,,,22854.94,,,,,165,,,393954,,,,,93.5,116.3,121.4,95.7,107.5,5.48,6.54,5.83,7.25,5.88,4.71,4.29,,,,,,,,
1644,145,94,43,137,,,,,,,3.9528,501,229,522,294,286,706,839,,,270,187,,1393,1922,875,173,479,139,132,76800.3,385371.2322,672243.2178,56425.1,5172.048,,,12833.364,4544.6,,,16155.32,,,,,,,,,,,,,176,5808,,331122,,,,,94.1,120.1,125.2,103.9,111.8,2.43,8.28,1.15,7.25,6.01,4.98,2.62,,,,,,,,
1645,90,112,105,211,,,,,28.501,9.915,3.7108,470,307,658,378,283,762,788,,,371,257,,1437,1947,1223,200,588,155,135,55517.75,342828.1278,583114.4222,66433.75,,,,,9426.38,,,70206.74,952.9,,,1026.2,8664.06,,,29495.92,48,,,3780,110,,,382514,,,,,99.7,110.3,123.6,102.5,108.5,5.55,8.36,7.22,8.81,6.72,6.95,3.13,,,,,,,,
1646,169,61,21,251,,,,,,,3.7996,490,387,657,323,310,749,893,,,323,233,,1634,1830,1232,175,579,162,145,21607.15,173352.5755,238109.6245,16030.8,11307.258,,,34739.802,9968.8,,,84133.74,747.66,,,1304.74,8869.3,,,40124.42,24,,,2916,77,,,393184,,,,,101.2,57.4,79.3,102.6,92.1,10.82,6.91,8,8.2,7.11,6.41,4.97,,,,,,,,
1647,219,73,52,217,,,,,,,4.3645,459,161,529,198,244,708,540,,,321,582,,1257,1492,957,177,513,138,79,56452.1,374921.2263,591795.2737,61980.05,,,,,10349.96,,,70778.48,22840.28,,,24614.14,,,,,,,,,44,3322,,375837,,,,,108.5,95.8,94.8,117.9,104,4.98,6.83,2.53,6.89,4.59,3.44,3.37,,,,,,,,
1648,355,115,50,330,,,,,,,4.8126,509,315,501,334,332,746,741,,,287,488,,1503,1686,1108,190,579,149,102,53563.75,368752.7677,546371.7823,76280.3,,,,,17665.3,,,57291.28,21388.94,,,25127.24,,,,,,,,,11,6633,,388311,,,,,114.3,103,100.8,110.2,106.7,6.58,6.14,7.7,6.11,4.1,9.81,3.29,,,,,,,,
1649,,,,,,,,,25.939,14.756,4.724,450,302,571,243,249,735,621,,,301,460,,1369,1821,871,149,487,118,85,39548.7,269041.15,455277.65,58413.2,6580.874,,,14887.23,6289.14,,,27340.9,18794.12,,,18090.44,6934.18,,,14777.28,,,,5052,22,4323,,323026,,,,,105.5,108.2,92.9,101.4,101.8,3.79,5.07,1.4,7.38,4.92,7.19,3.16,,,,,,,,
1650,176,51,17,115,,,,,38.183,14.743,4.134,509,317,592,255,292,682,726,,,251,490,,1676,1797,880,183,508,138,110,16210.7,130919.6285,232851.3715,41794.7,6010.6,,,11097.62,7198.06,,,33527.42,16727.06,,,16345.9,7681.84,,,13413.9,,,,5880,11,,,332904,,,,,100.3,129.3,115.6,108.8,114.4,5.11,5.78,6.69,6.6,4.53,8.73,0.98,,,,,,,,
1651,346,71,121,191,,,,,22.75,7.897,5.2147,500,258,565,180,252,611,602,,,321,474,,1331,1390,851,157,528,112,84,12122.75,185585.45,253041.3,72582.65,11918.58,46985.3,48392.66,27868.66,6025.26,,,48891.1,17870.54,116092.54,114905.08,44654.36,8664.06,,,21843.4,,,,5856,11,10681,,379929,,,,,111.2,135.5,127.9,106.6,122,5.06,6.31,2.8,4.6,4.96,8.8,1.76,,,,,,,,
1652,322,90,46,134,,,,,,,5.0121,541,317,603,214,225,722,735,,,350,518,,1558,1764,883,176,476,124,92,29142.35,220588.0508,153855.2992,46929.6,,,,,3914.22,,,35829.04,30903.28,257869.4,173251.88,38922.3,,,,,,,,,,,,12834,,,,,121.2,124,113.2,89.8,110.3,5.66,6.65,6.14,7.3,5.53,9.26,2.81,,,,,,,,
1653,192,98,73,108,,,,,,,4.5148,400,327,563,215,278,725,590,,,287,489,,1492,1605,752,161,433,117,94,108327.4,480327.15,489433.05,157140.05,,,,,24115.7,,,126647.74,51793.78,348717.42,242373.78,64914.48,3166.56,,,8414.84,,,,,385.02,27764.22,,402916.3,,,,,115.3,118.4,106.2,85,104.5,4.48,5.28,7.75,7.68,6.88,11.63,6.84,,,,,,,,
1654,424,131,70,269,,,,,,,4.894,702,422,696,240,379,741,768,,,298,504,,1580,1817,1061,164,556,146,116,51323.75,339719.427,239553.973,69573.8,12805.51,,,13446.152,11361.5,,,52893.28,38203.96,286309.8,197953.98,40271.02,7564.56,,,11581.4,,,,,,,,,,,,,119.4,117.9,97.4,87.3,103.1,8.68,6,10.58,7.1,4.64,9.46,3.98,,,,,,,,
1655,339,99,105,269,,,,,,,2.914,392,293,543,182,187,616,586,,,327,489,,1269,1404,807,148,408,113,67,46184.9,249704.3984,342609.5016,75225.25,9600.834,,,12754.2,11728,,,40974.7,31768.22,70822.46,55268.2,31313.76,7403.3,,,15305.04,,,,,270.94,1554.34,,549181.12,,,,,134.9,109.5,92.3,95.7,106,6.28,7.23,9.55,6.24,6.24,7.77,3.57,,,,,,,,
1656,261,89,38,192,,,,,,,5.3962,656,435,634,271,325,751,711,,,331,528,,1317,1378,820,146,477,114,106,46332.55,273484.75,326857.3,73171.85,11991.88,,,10379.28,13941.66,,,46633.46,18999.36,,,26505.28,7183.4,,,14264.18,,,,,114.08,,,487749.04,,,,,130.9,119,106.5,95.3,111.5,9.77,4.75,13.67,7.55,4.08,9.96,,,,,,,,,
1657,265,92,88,261,,,,,,,4.2792,492,350,691,277,295,786,786,,,480,556,,1336,1659,915,142,512,112,99,40879.6,247568.35,365736.85,78934.6,,,,,,,,,,,,,,,,,,,,,128.34,12691.4,,420227.94,,,,,126.1,108.4,96,86.8,102.9,7.34,4.07,4.46,6.64,4.92,4.74,,,,,,,,,
1658,515,100,50,382,,,,,,,4.6949,499,302,518,193,220,721,600,,,375,506,,1196,1620,770,134,419,98,78,54470.1,404100.3789,555068.8711,80644.4,,,,,6714.28,,,56616.92,,,,,,,,,,,,,,484.84,,16384.74,,,,,126.9,101,93.6,86.4,100.6,7.01,3.59,2.8,5.91,6.02,4.02,,,,,,,,,
1659,481,64,80,317,,,,,,,3.5218,596,383,598,236,260,709,669,,,409,505,,1242,1596,838,151,445,111,117,4701.35,122080.2186,334260.5314,50809,,,,,659.7,,,19248.58,,,,,,,,,,,,,,8256.54,,436241.92,,,,,121.4,103,97.5,98.6,104.2,6.83,4.51,6.18,8.95,4.72,5.02,2.94,,,,,,,,
1660,581,64,44,457,,,,,32.463,15.127,4.125,451,276,540,169,253,660,575,,,319,480,,1225,1310,624,125,430,91,87,25073.65,306217.0832,386167.1668,54162,,,,,2286.96,,,21579.52,,,,,,,,,,,,,,13532.74,,391265.88,,,,,123.6,114.3,115,102.5,113.3,8.42,4.43,4.39,6.88,4.13,4.07,,,,,,,,,
1661,501,57,76,315,,,,,35.457,14.013,1.3541,484,380,522,214,276,783,612,,,377,514,,1179,1533,873,158,395,112,80,41680.4,298757.6232,263288.2768,54898.05,4339.36,,,10907.04,3606.36,,,35975.64,,,,,1495.32,,,8502.8,,,,,256.68,17211.82,,384777.58,,,,,117,113.2,110.6,97.6,109.2,4.59,4.32,7.12,5.35,5.02,5.05,4.17,,,,,,,,
1662,166,77,39,166,,,,,48.729,17.877,4.2748,526,376,697,193,221,749,616,,,258,502,,1204,1652,677,172,412,101,90,47782.45,335434.3574,332052.4426,97210.7,,,,,5468.18,,,44991.54,,,,,,,,,,,,,14.26,19236.74,,439079.66,,,,,104,108,108.4,94.8,103.8,6.18,6.81,5.65,6.88,4.55,4.71,5.56,,,,,,,,
1663,474,54,61,192,,,,,37.782,12.241,3.6562,527,325,700,241,303,749,647,,,350,443,,1235,1559,884,139,452,110,94,38193,303664.5619,393021.6381,113621.35,,,,,,,,,,,,,,,,,,,,,627.44,21632.42,,548967.22,,,,,96.7,98.1,91.9,89.3,93.9,8.57,6.22,7.08,6.85,5.07,5.64,,,,,,,,,
1664,367,69,41,222,,,,,32.226,12.662,3.708,527,310,656,194,346,758,651,,,288,541,,1286,1414,910,186,449,119,86,56421.65,334590.45,381304.4,98621.45,,,,,8077.66,,,30155.62,,,,,,,,,,,,,299.46,84961.08,,427186.82,,,,,98.5,101,95.7,89.8,96.1,6.46,6.8,6.29,7.23,5.77,5.05,,,,,,,,,
1665,214,49,60,201,,,,,48.992,17.773,4.4958,527,297,622,170,264,815,618,,,316,534,,1054,1239,656,162,405,99,103,62222.77,430659.6471,535137.1214,113554.44,8763.553144,219.9,,20722.21542,3396.53875,,,46119.44375,10696.07344,324525.4422,154665.2906,12284.62188,6656.111214,,,14956.40688,429.4921875,149806.875,548399.6766,91391.35625,703.68,73417.28,,515474.92,6034.880625,2100.503125,648.246875,46990.7975,93.7,116.6,106.4,85.6,101,4.42,5.5,3.25,6.54,8.01,4.38,1.01,,,,,,,,
1666,134,95,43,112,,,,,46.289,18.882,2.9563,527,339,690,245,441,867,745,,,387,553,,1230,1519,890,187,483,106,121,,482056.1411,452414.1446,,12337.00083,,,21270.74375,9147.381875,,,39146.78125,17961.93594,327025.6594,149959.2016,11734.87188,9875.3425,8030.015,6706.95,13281.33237,350.465625,200362.3049,440936.7227,130798.887,513.1,83195.5,,444110.04,8120.265625,208044.8703,90223.1375,28112.84063,98.7,131.8,116.2,86.8,108.9,5,5.92,5.28,6.92,7.04,5.8,,,,,,,,,
1667,116,67,95,184,,,,,40.773,14.876,3.0343,527,337,698,246,517,923,646,,,440,585,,1324,1881,904,226,511,144,113,61044.42,403782.867,486821.2955,78759.78,12777.94615,,,23102.63292,10304.1475,5442.525,7330,42713.51344,18204.74219,387932.2328,181705.3552,14322.13281,5429.623327,1766.53,2583.825,9893.270458,,1893.201563,46740.20313,135.146875,442.090625,103529.3781,,430550.4563,5295.925,8438.6625,,49699.30885,94.4,135.6,116.1,84.2,108.3,9.96,4.53,5.87,10.1,5.95,5.5,5.14,,,,,,,,
1668,52,105,39,106,,,,,34.517,11.021,2.9721,527,316,516,186,387,837,605,,,417,517,,1321,1865,835,300,442,75,77,72768.97,543835.6063,587792.7,88350.44,,,,,14498.51094,478867.8616,368656.5318,64662.66396,24066.83333,428366.3453,220571.1531,22850.51146,,,,,,305573.9563,586797.4234,88578.46875,348.175,110747.1375,64.1375,443733.0031,7338.017188,10894.2125,,56254.69583,96.4,127.9,114.9,83.7,106.3,4.49,6.42,6.67,8.19,4.11,5.3,5.79,3.3,1.78,2.39,,,,,
1669,128,129,78,223,,,,,44.083,14.251,4.1562,443,331,628,267,367,755,726,,,424,591,,1338,1966,967,257,470,121,118,71410.75,592580.7607,642881.5768,96630.54,,,,,9403.015625,,,50829.42688,20809.56458,396187.2635,209120.3188,21996.87188,,,,,223.3359375,261870.931,574593.3552,173501.1,2270.009375,118794.1031,,529142.774,6251.115625,10587.26875,,47010.1151,102.8,135.3,102.2,84.7,106.4,6.7,6.13,6.45,6.13,4.79,5.61,4.33,14.41,9.83,11.1,,,,,
1670,234,114,32,243,,,,,44.931,17.994,3.4693,479,311,611,277,276,711,746,,,354,506,,1097,1974,858,200,472,140,110,52711.01,522773.6366,681335.9348,111938.05,,,,,4448.39375,,,64958.91813,8910.913021,314541.7531,257849.5479,31473.95104,,,,142.935,272.584375,199162.1129,594785.1191,176197.1656,48.103125,35539.04688,,245344.2625,,,,,107.2,146.2,114.8,88.2,114.6,10.12,8.12,6,11.77,6.78,5.67,7,7.28,9.54,7.82,8.09,,,,
1671,147,105,86,237,,,,,,,3.6627,498,300,632,232,365,762,681,,,349,463,,1390,2266,1022,203,495,189,97,54471.8,512907.9016,669952.8375,118444.18,6150.099063,,,45822.19698,7161.486354,249422.7203,314513.1951,67382.32302,4611.715313,93142.15729,92845.59771,16104.31542,2646.620848,5536.89875,10137.39,13863.39698,86.66197917,169940.1287,601898.3688,194364.1125,,88981.61875,,601964.0333,4344.170313,8255.4125,,63656.46875,106.8,138.4,107.7,82.1,108.9,1.84,6.2,8.7,6.53,5.01,5.9,5.8,7.56,2.28,5,0,,,,
1672,385,137,48,365,,,,,42.825,15.771,4.1091,522,343,659,272,476,486,775,,,257,537,,1418,2427,1010,188,547,179,110,16374.9,303276.1321,508921.9,115775.13,4136.319,,,24642.63538,3645.186094,25674.47031,41493.52656,46365.60958,2432.64375,54243.14531,59336.35,11044.24844,2180.531018,1374.375,1356.05,11051.67006,,1511.8125,63133.06094,178.66875,,71144.52188,,561629.1813,2975.98,8191.275,,75098.36969,104.3,138.3,104.7,81.2,107.3,10.73,8.03,6.19,10.86,4.41,6.1,4.62,4.67,5.09,10.12,6.44,6.78,,,
1673,221,157,109,283,,,,,48.669,16.154,4.1462,357,341,617,211,291,807,692,,,426,543,,1356,2070,846,182,465,154,88,16330.37,,,149156.28,2700.18875,,,28960.52458,3095.016146,214705.0154,254203.7889,39703.40313,1792.795833,56922.41302,59334.82292,11983.02292,1120.57375,,,11109.53125,51.5390625,110429.1224,542965.5505,145896.7781,,60394.61875,,553797.5344,1500.741146,6065.575,,60993.54083,106.3,143,117.8,78,111.6,5.25,5.22,5.1,5.1,4.77,4.71,7,5.9,4.11,10.58,0,4.72,,,
1674,423,80,40,241,,,,,49.205,21.659,4.3392,329,301,608,220,303,847,707,,,414,529,,1367,2133,776,177,431,139,95,13024.73,,,130569.43,155.304375,,,23990.90675,1638.102444,,,35785.97625,1676.355729,59639.09427,44022.37656,10480.37292,459.1721429,1319.4,2822.05,16197.09664,48.103125,84582.75977,424337.7086,159719.7456,,,,,,,,,111.1,139.9,123.1,68.8,110.7,4.45,5.02,4.56,8.96,5.7,6.08,3.31,5.23,6.07,5.94,3.15,3.05,,,
1675,346,143,90,296,,,,,51.002,21.803,4.7026,516,374,708,276,456,925,841,,,436,569,,1409,2375,940,197,537,153,128,43416.02,,,161373.11,924.49625,,,19856.05375,3822.595,,,43453.15625,13037.47396,364661.2008,156366.0797,32203.5151,1424.703304,3298.5,2767.075,10778.23488,16.034375,132054.5313,372709.8844,166815.052,,64597.91563,,536297.1594,2902.68,9212.89375,,67817.9999,111.4,137.9,121.6,67.6,109.5,8.44,6.64,5.81,7.76,5.27,6.52,2.86,4.55,5.7,9.1,5.58,3.11,3.06,,
1676,447,139,52,388,,,,,42.094,18.203,3.55,519,391,711,266,500,862,807,,,424,561,,1377,2188,954,193,491,168,122,65062.86,,,128639.8,1440.345,47086.07223,43751.85375,21987.84681,7015.955313,,,49923.25563,8595.570313,78503.15469,50047.94198,18687.68229,2635.396786,82557.17917,68194.94515,22467.59531,,233858.4961,496081.9161,211601.6383,,,,,,,,,115.9,139,121.4,66.9,110.5,6.06,4.48,5.23,9.73,7.51,6.38,3.31,4.23,7.61,9.63,3.69,2.17,4.69,,
1677,468,88,99,250,,,,,38.39,20.079,3.5213,518,383,692,257,460,919,865,,,437,573,,1378,2194,831,198,402,121,114,69281.04,48090.03571,143921.9321,85558.89,2375.515563,,,8521.354063,5500.706875,,,14328.77563,8512.344271,133173.8833,61303.6151,8963.215625,1578.960536,56967.61469,1832.5,2511.048571,1.1453125,159120.5563,271814.9159,123298.6172,,,,,,,,,132.1,164.9,129.5,83.7,127.3,3.74,7.42,7.83,6.51,6.15,5.56,4.17,4.59,4.85,5.58,2.42,3.33,4.38,,
1678,256,58,12,213,,,,,49.239,20.028,4.683,533,333,652,307,347,890,688,,,425,594,,1363,2109,951,206,538,124,122,63529.98,362524.1295,338619.8214,77627.94,5343.57,,,10371.95,8437.288125,12644.25,8557.775,22905.79188,9437.756771,136979.375,65976.87188,10787.31667,3302.544589,,,7558.205152,16.034375,173285.9721,390956.1441,155163.8833,36.65,86558.1375,,344521.4531,6516.828125,,,31048.65833,145.3,182.7,145.1,94.7,141.8,3.27,7.31,4.47,8.65,6.81,5.03,4.15,9.14,3.28,3.8,4.95,0.69,3.11,,
1679,402,100,62,312,,,,,45.928,15.283,5.7044,533,322,700,241,378,768,721,,,423,446,,1309,1796,790,166,393,58,115,61002.74,83454.66786,168835.0969,60387.78,,,,,11256.13125,,,17683.47229,9024.298958,136963.7224,46715.76979,7607.165625,472.785,,,428.805,38.940625,221404.5589,355341.6021,156890.6328,,124367.1938,,496692.2531,10424.93979,11430.21875,,44254.875,159.8,198.5,152.8,103,153.2,5.2,5.31,5.07,8.87,5.43,4.63,6.22,5.93,4.37,9.05,5.48,1.71,2.55,,
1680,111,89,30,40,,,,,39.245,10.835,2.621,510,352,592,168,356,883,840,,,444,557,,1361,2094,899,208,476,160,68,73806.86,583471.4294,544329.0723,84248.55,4735.18,22287.32313,22079.33438,26568.50125,9984.834375,,,41664.17813,34984.33385,463010.9031,220437.5333,30591.29687,4656.336688,116479.1386,59968.5625,24532.26652,72.1546875,236244.5638,545734.7253,201473.0672,,110476.8438,,590658.2719,13084.50813,12080.75625,,70237.8925,156,99,76.6,113,108.7,3.72,6.81,5.92,6.65,5.26,5.17,4.04,2.86,4.6,2.96,2.75,3.21,2.17,,
1681,348,101,85,178,,,,,40.198,14.332,5.3587,503,371,674,181,312,749,765,,,371,430,,1304,1768,747,151,357,105,136,,,,,2619.55875,29540.81625,43165.45375,6353.2775,5536.440625,,,49864.61563,,,,,3763.955,31713.84056,13609.9775,10778.765,115.6765625,230041.7422,588206.7305,210509.5828,,110302.7563,,628645.9969,12493.06875,11522.98906,,79005.94688,185.3,182.2,147.9,144.2,163.8,9.32,5.96,5.58,9.71,5.61,5.25,1.83,8.51,4.82,6.54,4.36,3.85,5.79,,
1682,211,69,32,100,,,,,39.005,11.243,3.8733,494,424,739,238,426,1036,880,,,460,566,,1424,2608,974,193,510,202,119,,,,,318.855,14535.39,17196.18,2396.91,5972.484153,325997.7284,361600.582,54813.12915,,,,,798.05375,4906.51875,6711.53125,4392.5025,152.3265625,226060.5405,554190.1857,193226.8172,,95351.84688,,603178.8281,11979.96875,9338.878125,,84940.95625,186.5,194.3,158.3,156.9,173.3,7.62,6.8,7,9.91,5.93,6.35,2,10.8,5.89,6.98,3.65,5.33,3.79,,
1683,254,142,129,214,,,,,41.178,10.093,5.0745,500,404,741,220,344,921,912,,,449,558,,1030,2086,716,154,414,124,78,,,,,,,,,6213.702068,,,60463.61748,,,,,450.795,,,1175.54875,20.615625,247042.9518,529358.2836,191718.0589,,62456.75391,,264260.2438,12030.3625,11592.85313,,92504.6,204,184.6,169,129.7,169.3,6.94,4.8,5.43,10.66,6.34,6.47,6.05,4.59,2.57,1.5,1.82,5.53,0.04,,
1684,250,71,52,215,,,,,54.308,14.085,4.267,444,392,679,189,357,788,739,,,451,601,,1242,2557,933,167,496,137,93,,,,,,,,,4523.60259,12919.125,11288.2,37117.28748,,,,,641.375,,,1253.43,17.1796875,211138.5503,411225.2167,165353.7286,,75148.53438,,458596.8688,5327.99375,4727.85,,66938.93438,204.6,107,110.2,130.9,132.1,5.69,8.63,4.94,6.53,5.75,6.05,1.76,2.82,7.76,3.57,2.52,3.24,2.33,,
1685,201,130,118,102,,,,,46.367,16.51,4.3482,504,478,704,258,451,913,938,,,388,566,,1190,2348,951,143,436,135,114,,,,,,,,,1772.180193,61780.59958,56376.25167,68974.91823,,,,,359.17,,,2669.9525,5.7265625,273716.6118,531906.9857,197339.0617,,117149.4344,,583060.2688,5420.382292,10903.375,,125954.5969,207.9,122.4,114.4,154.7,144.6,5.69,8.22,5.84,9.31,7.65,6.39,6.51,0.81,2.65,,1.08,3,5.46,,
1686,250,129,40,213,,,,,45.502,17.042,4.26,591,420,807,191,388,865,900,,,453,584,1310,1144,2489,862,228,482,169,132,,,,,2713.9325,68336.97917,68222.60063,16758.2125,3106.545274,443564.7947,399444.8379,51305.72401,,,,,3711.102646,148003.9088,191787.5411,33060.08669,,184938.1906,427984.2882,179237.5885,,94277.54375,,551387.7969,4823.598125,9105.234375,,100654.1856,173.6,127.7,125.7,108.4,130.2,2.95,4.57,11.95,7.12,4.53,6.21,,12.17,9.28,,7.45,3.16,4.6,,
1687,182,163,86,143,,,,,54.302,19.12,4.1814,624,508,747,230,378,784,771,,,417,555,1336,1057,2423,854,146,457,112,95,,,,,,,,,3404.632261,,,44268.16096,,,,,318.855,,,1455.005,,191284.4626,410296.9409,200654.1688,,140608.8703,,592341.8813,8357.268958,10394.85625,,91733.57563,164.6,111.2,112.5,105,120.1,7.03,8.99,7.46,7.66,4.49,7.26,,6.41,2.91,,6.06,5,3.72,,
1688,494,120,50,238,,,,,42.73,15.564,4.2827,663,496,746,262,428,853,776,,,461,582,1195,683,1238,915,189,480,125,127,,,,,,,,,1830.209541,227299.6351,213038.296,32668.74098,,,,,289.535,,,842.03375,18.325,56125.94362,424556.177,199961.2547,,40223.375,,536356.7156,4471.3,2102.79375,,43957.24646,139.9,100,96.8,94.8,105.4,4.91,4.67,1.63,7,4.46,1.93,,8.8,4.5,,5.32,3.5,3.92,,
1689,182,109,79,58,,,,,46.772,17.334,4.9879,648,457,741,170,302,807,889,,,400,515,1220,1143,2152,842,170,452,126,125,,,,,1084.992708,94209.97031,44907.64204,3686.379167,5344.791696,,,25964.99746,,,,,604.725,21458.575,16653.76,642.841,,225083.398,281047.4708,152211.6495,,104642.6219,,545961.3063,11995.545,10589.55938,,61670.955,137.7,123.4,104.2,96.5,113.7,4.55,6.48,3.64,5.26,3.65,7.74,,7.06,5.901186207,,4.29,4.57,5.14,,
1690,481,141,41,137,,,,,64.784,24.543,4.6939,810,630,886,192,493,964,986,,,464,626,1719,1241,2299,884,183,476,132,103,,,,,797.1375,61706.07792,51012.82958,1552.585625,5990.900671,,,36327.02188,,,,,1391.722667,33060.1325,15492.3215,4614.479333,91.625,222402.5078,205065.9125,88883.12188,,105298.2878,,420702.1431,14563.33563,112636.9031,42625.62979,54921.7716,115.2,156.3,139.4,91.9,126.5,5.07,6.89,5.73,4.67,4.82,5.1,,10,5.58,,1.86,5.16,1.72,,
1691,346,166,141,145,,,,,49.731,14.738,3.3674,717,502,806,206,380,886,834,,,463,589,1184,1144,2100,802,157,420,178,106,,,,,1319.4,73813.833,30420.233,604.725,6371.144314,506471.4808,252021.213,21778.04088,,,,,703.68,42752.225,14550.05,3049.28,73.3,384469.9531,213931.7766,121358.4578,,144056.2991,,509742.0289,20372.05521,129575.072,58898.53521,59654.86342,108,154.9,119.5,80.2,110.8,5.33,5.55,2.06,4.99,6.16,2.55,4.86,8.05,4.5,,1.6,3.63,3.02,,
1692,297,76,17,86,,,,,55.423,18.279,5.5931,816,629,848,172,425,834,1117,,,474,537,1715,1160,2235,551,147,347,96,125,,,,,1574.346563,83856.69654,65906.7133,7684.130625,8453.322488,,,73958.85992,,,,,1812.632646,118912.4368,55569.79896,11748.46292,89.334375,392511.1922,356999.6328,201210.7906,,130225.849,,607091.5974,10890.47842,149711.5086,62349.85113,92595.73846,101.3,117.8,90.6,66.6,93.5,7.67,3.48,1.42,8.14,5.72,4.13,2.1,3.89,9.16,,0.5,,3.01,,
1693,,123,119,,,,,,62.934,22.323,5.2146,648,519,785,196,448,798,1094,,,481,558,1338,1005,1862,627,176,439,135,76,,,,,,,,,4478.477171,,,9573.285324,,,,,2373.0875,61723.4714,14795.87988,3268.859313,,131913.6578,205226.2563,121254.2344,403.15,67753.48866,3344.3125,244746.5239,8948.250208,99628.5201,31037.73969,36522.7176,97.1,15.1,109.1,63.8,105.9,3.72,5.17,4.39,6.49,5.99,5.06,1.56,7.88,9.88,,11.4,,6,,
1694,137,113,43,102,,,,,43.061,11.979,4.5074,784,473,737,218,419,875,1074,,,467,636,1386,1100,1907,773,196,448,163,115,,,,,488.36125,13704.35125,5843.8425,2054.2325,12269.35058,,,35457.653,,,,,4560.634375,139332.6104,61838.62875,16418.58917,22.90625,342384.3,332668.6141,148242.3781,557.99625,151137.6518,5094.960833,490528.4867,14667.63542,143634.7554,48199.48396,79094.51771,112.5,162.3,118.5,63.2,114.2,6.73,5.64,7.49,9.11,6.22,6.15,0,7.83,4.66,,1.64,,2.5,,
1695,481,148,125,142,,,,,42.526,15.073,5.763,694,644,859,191,393,890,916,,,441,638,1405,1169,2648,634,133,450,122,118,,,,,244.8067292,30012.08944,30192.85029,576.9320833,4137.021493,,,51621.37226,,,,,2881.117583,67720.38364,64957.69776,11492.16743,57.265625,120467.4047,262231.8953,81878.39063,,56862.475,140.4916667,437001.238,9299.173958,74532.23408,67715.8991,67669.59794,110.6,173,135.4,58.7,120,4.73,5.17,8,10.22,6.57,6.65,7.03,7.48,7.36,,3.18,,3.17,5.41,4.09
1696,366,110,49,160,,,,,51.164,14.991,4.239,825,529,927,261,576,956,884,,,453,649,1304,1172,1962,804,170,525,104,109,,,,,174.545625,18778.8339,19722.32706,929.0469583,4502.299747,,,42533.47046,,,,,640.7488958,15815.69667,18903.00104,6070.003542,,209387.1766,283243.7984,117267.4016,,91518.02781,,476073.1922,5515.061458,136197.2511,83837.63854,90272.615,103.9,176.6,99.6,59.9,95.8,2.96,5.23,5.29,6.06,5.65,6.73,6.37,8.65,7.47,,5.5,,3.59,6.74,2.44
1697,501,105,84,265,,,,,58.518,22.877,5.281,693,574,888,254,449,984,947,,,449,693,1224,918,1825,634,139,412,114,98,,,,,117.2952708,30720.01473,19251.22185,1225.331667,1688.801458,,,31280.83593,,,,,124.2027778,11894.7575,16541.36667,2357.190563,,75170.29531,218446.5984,112391.8063,,23529.18547,61.08333333,377888.224,3539.550104,52301.61156,66903.5824,93476.8176,121.8,179.1,129.7,55.7,121.6,5.01,4.1,4.07,5.35,7.13,4.97,7.01,5.49,5.4,5.214990724,7.06,,2.76,6.68,5.13
1698,308,122,42,232,,,,,50.407,17.605,5.7488,753,668,984,234,453,924,969,,,448,673,1180,1008,2097,710,145,425,108,103,,,,,285.87,29605.6104,24726.50279,1482.187083,4200.85342,305032.1312,153920.1049,30026.58144,,,,,794.9995833,30744.24954,18580.87808,2511.44125,,94790.64375,228111.8906,125271.9906,,83816.48844,171.0333333,442131.2836,3861.535625,108571.8836,51620.15063,78293.25708,140,203.5,148.5,85,144.5,2.59,4.43,6.67,6.49,5.54,4.47,3.55,4.36,3.62,4.141595547,2.64,,1.03,5.41,5.57
1699,269,78,77,138,,,,,,,4.268,762,556,943,312,415,861,807,,,459,705,1152,1000,2033,710,158,459,129,102,,,,,2812.750063,145447.9836,94169.38655,10255.72369,8888.541128,520648.1129,264344.8597,47439.31683,,,,,654.4162917,56242.90675,29765.05317,3421.2775,123.69375,174499.8125,340547.2188,210111.0141,,66253.2253,146.6,442649.9193,6146.052292,151930.9716,52785.31521,93843.47031,147.8,260,168.5,97,169.5,6.58,6.52,2.53,4.97,5.57,4.91,,7.15,4.96,6.791836735,3.62,4.61,3.52,8.7,5.3
1700,181,80,60,56,125,94,145,96,,,5.3933,865,632,915,316,421,993,974,3645,,438,729,1203,977,2153,797,134,453,124,134,,,,,1238.464583,36247.59827,39091.34813,2909.704583,7681.992708,,,45755.31073,,,,,,,,,53.8296875,153868.1531,353283.0938,222912.1719,,109148.5994,1814.175,498489.4393,8261.139063,169619.2243,55857.80688,89470.99022,144.2,128.7,92,94.2,113.1,7.35,4.92,4.86,6.77,6.3,5.97,5.46,4.17,2.44,7.96,3.5,3.63,4.95,5.18,5.48
1701,349,92,120,154,129,97,124,78,46.479,14.985,5.849,652,585,831,279,523,884,824,3204,,414,714,1153,1003,1799,630,59,445,146,113,,,,,2663.53875,107205.8313,104279.9243,8197.383333,7258.799741,,,54608.04204,,,,,1219.742542,51341.76333,22804.24083,2779.9025,105.36875,205023.0778,324129.0877,235388.5954,,71212.66797,183.25,385141.6789,9202.509583,185771.5964,71097.48771,91153.32214,141.3,161.1,114,85.4,124.6,3.76,4.42,5,4.98,4.52,5.77,4.27,11.12,5.8,8.11,3.33,4.83,3.72,9.5,10.26
1702,294,57,50,79,103,105,104,83,48.205,13.062,5.0552,854,898,1033,307,571,1208,937,4086,,508,764,1338,1261,2223,860,161,534,152,119,,,,,1001.140563,44964.18994,20411.28598,608.93975,7988.478333,270552.5957,135671.2245,35637.54375,,,,,906.4766667,,,1039.0275,48.103125,173784.5648,397676.5516,273454.8125,,98532.37969,389.40625,560766.7609,9373.848333,148720.2025,54621.63292,75340.03063,148.5,141.2,108.1,91.4,120.9,4.7,5.45,8,5.1,9.84,6.31,2.86,4.5,3.34,3.1,1.88,5.71,5.55,5.71,6.15
1703,454,77,125,128,89,90,92,81,,,6.3829,661,651,778,218,451,853,859,3456,,480,677,1214,1060,1974,875,156,448,136,87,,,,,169.50625,48008.44583,24995.6665,596.47875,6909.904109,421912.2073,243320.2294,35707.32398,,,,,994.8106463,46926.04917,14712.53167,1108.051667,37.7953125,205273.7867,268946.8625,236947.9766,,86671.14167,268.7666667,496365.4573,6397.562917,122101.2311,43904.71479,68016.57163,175.1,251.8,205.1,100.4,183.5,4.73,6.06,6.64,5.15,6.57,4.82,9.01,3.8,4.37,5.8,3.68,4,2.59,5.41,7.44
1704,397,102,51,183,126,146,136,114,59.321,19.91,4.5924,763,792,857,245,397,952,909,3881,,498,753,1193,988,2341,777,164,517,152,87,,,,,1447.675,57953.86619,44026.72875,2025.508063,14267.00498,615902.4868,413779.9505,96414.39114,,,,,3038.285,58478.12917,18695.165,4077.923333,272.584375,270802.0779,374900.2945,305375.8172,,96647.8825,500.8833333,473965.0536,9284.513958,141020.1902,61466.5549,103946.5009,192.6,265.8,195,108.5,190.4,1.92,6.56,9.75,6.79,5.1,6.92,9.98,8.73,5.53,6.17,4,5.5,4.64,8.73,7.72
1705,163,109,131,247,86,108,85,71,45.443,17.147,5.5007,756,831,1021,309,524,964,996,3912,,506,751,1153,974,2242,776,151,562,111,130,,,,,1051.091458,44412.9434,23995.64071,621.2022292,4199.937276,215518.1109,256402.0253,45728.35786,,,,,886.9452708,,,2297.955,164.925,143696.6328,225636.8703,172660.4406,,62474.88802,201.575,409802.7385,6639.1475,106459.2402,45310.16594,67603.6483,191,142.4,114.6,109.1,136.7,6.66,3.16,5.33,8.26,5.16,6.67,8.11,10.2,4.45,6.29,4.6,5,2.93,6.76,7.45
1706,141,125,60,195,93,91,73,106,47.669,12.726,4.7445,726,818,840,219,483,919,909,3488,,496,734,1153,1074,2455,857,162,468,118,118,,,,,655.4088958,85820.15768,68401.1014,9250.322563,3843.51621,306853.0412,220367.6688,52183.03339,,,,,814.8516667,25336.75583,16408.205,3561.769167,143.1640625,177305.8281,287293.6234,205304.1375,,87544.19702,546.3140625,457708.488,4475.270417,95602.59396,45776.00271,82125.47271,170.4,126.7,105.9,103,124.3,,8.46,6.23,,5.41,6.21,4.99,1.85,2.03,3.14,2,4.44,1.97,4.05,4.12
1707,389,82,108,309,84,81,71,97,63.193,20.163,5.0555,750,844,965,237,502,925,908,3798,,492,688,1097,1118,2712,737,156,486,133,64,,,,,528.9816667,32071.49875,19015.92885,522.5679167,3373.937916,310097.7879,165881.8704,40113.88312,,,,,476.45,,,1073.845,18.325,109602.9703,332351.3625,262292.5969,,61164.26875,821.5708333,457351.8988,3984.465833,88002.45292,46234.89125,77207.80625,135.2,93.3,80.4,77.8,94.7,,8.14,7.33,,5.66,6.39,7.16,1.4,6.46,3.79,2,3.12,2.11,6.14,5.92
1708,284,108,48,280,70,71,65,154,54.6,22.834,5.0683,753,635,749,178,379,796,692,3124,,487,515,978,942,1901,747,140,438,97,77,,,,,1378.95625,41832.6765,35722.1164,5257.289792,8014.133335,,,50808.65854,,,,,1092.628125,38923.52167,15414.99,2603.473472,5.7265625,105517.068,257229.5521,268688.0219,,85727.97682,207.6833333,510325.6714,6097.338333,78486.66219,24580.23875,82888.09813,111.5,94.2,71.3,76.1,87.1,5.29,9.35,4.36,6.57,4.86,4.18,9,2.74,5.36,1.73,1.53,2.58,1.87,3.65,2.92
1709,453,110,151,390,96,116,105,120,45.589,13.368,5.0632,857,720,1002,281,461,861,901,3376,,454,575,123.8,1172,2483,848,154,493,112,36,,,,,684.7441667,15929.11315,39771.77065,3965.499458,1883.810017,107046.9382,171823.599,44846.31438,,,,,782.4775,1152.6425,2629.6375,3004.38375,27.4875,92981.05,364740.8,301968.5125,,37082.77542,160.34375,533957.6677,1901.982292,29494.99421,51028.25313,100889.4199,111.3,154.5,136.2,72.5,119.5,6.94,5.72,5.13,5.65,5,6.21,5.27,7,4.47,4.89,3.09,4,0.91,10.47,7.5
1710,176,93,72,194,60,91,65,123,46.686,15.546,7.8043,924,912,1143,264,597,902,924,3715,,493,696,1400,1194,2602,739,150,487,126,75,,,,,1163.6375,53838.81946,36410.98092,4368.374583,5694.188089,375399.3838,282482.6233,50270.20888,,,,,795.946375,6193.85,2949.40875,3872.0725,,144193.6984,337957.6672,308484.1953,,83156.94115,146.6,524782.5693,6037.782083,85935.24021,44061.24083,115704.2027,122.4,198.9,161.4,62.8,137.1,4.21,9.36,6.46,5.87,6.3,6.17,7.3,3.64,3.52,2.22,4.03,3.09,4,3.88,3.17
1711,332,59,125,192,88,94,99,167,50.172,17.018,8.6086,770,818,1007,259,474,891,882,3489,,471,630,1311,918,1951,666,149,441,100,119,,,,,1826.544375,68255.41765,41185.45277,5344.48625,7481.792097,469826.4272,279991.0346,60731.49333,,,,,845.240625,7078.489375,3515.65125,2860.5325,201.575,197842.4266,324172.3042,306219.9125,,96598.32865,50.39375,487007.1089,7685.161406,140518.0852,42202.93313,122645.0146,119.8,136,105,61.9,104.9,4.66,8.29,4.39,5.36,4.99,4.77,5.51,9.68,7.01,2.24,1.8,3.46,4,7.78,6.18
1712,378,47,49,131,92,105,107,99,42.534,12.777,7.9994,804,810,985,217,393,854,771,2994,,435,595,1740,1083,1608,680,124,429,87,131,,,,,1724.993333,62787.13075,37833.062,3270.111521,11720.67015,444317.2652,220556.4931,31671.25021,,,,,2788.377813,60960.70854,16764.47354,3153.579792,224.48125,199043.8594,325236.6813,279144.725,,82079.04938,36.65,429228.0021,8605.305469,153523.6431,41209.16838,86115.58875,115,90.3,71.2,61.1,82.7,3.02,5.36,4.15,3.7,3.66,4.43,5.21,3.37,6.28,7.06,2.75,4,5.89,7.27,7.16
1713,246,52,110,162,92,74,85,78,44.817,11.647,12.01,741,805,963,203,392,931,811,3474,,441,687,1566,1267,2348,629,136,455,120,101,,,,,2403.781875,52969.80215,65832.57777,5793.296042,17648.96021,417475.2633,358939.8685,71312.04292,,,,,1816.282375,8614.5825,5805.36,4233.075,380.24375,172516.1313,321264.7375,293694.775,,108449.6406,45.8125,496407.4521,13711.22313,152620.6788,52286.03531,123838.3648,120.8,141.6,108.1,65,108.2,3.24,7.39,6.53,6.48,5.59,5.61,3.81,3.19,4.73,5.78,2.5,3.03,3.19,5.35,2.47
1714,269,71,69,136,122,126,126,170,59.966,20.481,6.295,954,869,1108,327,543,1068,898,3778,,468,747,1443,1268,1438,785,141,543,136,129,,,,,405.16575,51977.91571,35200.4925,2125.409854,4094.568542,143568.7396,106458.4767,23651.31396,,,,,843.5608333,49556.90833,18572.08208,1698.116667,164.925,189182.7188,186609.2016,212599.7781,,100523.6836,360.3916667,337406.6192,5907.216458,139552.3577,49628.6049,67146.31229,140.1,164.4,108.9,90.4,120.4,4.64,8.34,6.61,7.42,5.1,5.98,4.48,6.93,8.1,8.51,1.89,3.38,5.37,7.24,7.96
1715,147,68,109,122,102,81,106,109,57.144,19.583,5.515,786,839,1092,238,424,1030,865,3655,,465,714,1624,1102,2100,798,140,409,124,96,,,,,1137.9825,63202.51269,49309.21542,3696.763333,11089.98458,476124.4258,302485.5829,43555.47083,,,,,1450.42375,45227.9325,15352.07417,1682.540417,186.6859375,242509.6141,264766.4719,243271.2469,,135846.3173,43410.97057,615453.524,10879.09438,161642.8398,54196.56927,96581.22531,162.3,196.5,147.2,101.3,151.3,3.89,2.67,0.55,4.71,5.16,2.29,10.59,2.78,3.37,4.6,3.12,5.9,0.84,4.81,5.53
1716,231,98,82,184,95,65,109,68,47.665,14.021,7.045,676,541,944,241,378,847,751,2999,,394,618,1464,945,2060,613,120,489,115,103,,,,,3560.700208,183617.5384,119825.0676,10807.16875,7788.354064,494271.5206,336847.0958,46694.23792,,,,,1203.799792,43957.09375,18598.65333,638.3208333,146.6,193447.8625,202065.1938,266830.325,474.5411458,108468.1565,40584.27569,518295.8247,9381.48375,151143.6838,58932.66552,124733.2356,183,196.9,145.3,107,156.7,3.58,6.83,5.98,6.19,5.41,5.26,4.2,5.77,7.56,8.75,3.82,3.52,3.92,7.43,8.04
1717,346,85,105,286,117,109,111,87,42.706,15.451,7.779,885,946,1228,293,525,1248,942,3531,,462,918,1899,1546,2367,731,146,465,118,115,,,,,1040.127,111230.1387,77367.417,4307.29125,5233.696354,372285.6727,263240.7629,24402.10447,,,,,760.945625,36952.3625,17957.58375,564.41,87.04375,83533.36719,223011.8141,172555.0719,103.078125,62039.16024,36383.52396,468061.3495,7614.801042,101632.1298,50919.83021,70247.36042,190.3,215.6,148.7,110.1,164.9,5.69,7.35,5.23,6.72,5.66,5.55,5.36,9.82,7.46,9.75,4.34,2.75,7.04,6.87,7.29
1718,365,106,86,342,138,114,168,101,66.169,18.489,8.93,882,661,953,279,459,1167,815,3026,,496,801,1827,1311,2092,826,151,447,124,112,,,,,1709.646146,214462.6976,201602.6511,16207.91275,5905.383958,279913.9169,226579.1571,32242.99021,,,,,1697.834156,45321.08458,20069.23458,2405.15625,,124399.2625,217920.9,256082.7125,,99026.00938,36094.14167,504201.6854,6390.84375,106411.5952,45560.68396,79928.61063,205,172.1,133.7,113.8,153.5,4.59,5.58,5.43,5.93,4.86,5.82,5.99,3.64,3.53,5.45,3.75,3.25,2.29,3.03,6.03
1719,524,42,122,385,128,161,183,160,49.664,19.972,5.885,720,784,953,268,501,1127,860,2887,,411,690,1724,1243,2477,720,159,459,125,94,,,,,112.69875,17042.25,25121.22329,806.3,3746.54625,121498.5932,241741.7966,26651.80365,,,,,854.0213542,13252.64,17956.6675,2693.164167,,76648.89375,166620.0625,176116.9938,,56631.50365,24054.61667,300408.5969,6807.293258,96819.22125,43301.21146,66442.63229,201.6,128.3,109.9,114.5,135.1,0.84,6.81,7.35,4.95,4.7,5.86,5.63,7.14,7.56,9.31,4.8,4.49,4.85,9.34,10.1
1720,151,111,66,89,168,200,188,188,57.27,20.905,10.305,810,887,1163,310,424,1135,904,3277,,440,768,2075,1341,2178,715,141,467,117,93,,,,,534.5936979,44476.6075,40276.45642,1903.9675,19276.37292,524421.7195,381604.763,48688.99052,,,,,1677.577396,22260.29375,13881.1875,2552.6725,109.95,212849.5708,222062.35,309756.6375,,124656.4997,39325.06823,415172.1544,10379.8353,161456.9938,53621.69875,77134.00114,197.9,152.6,120.9,114.5,143.7,3.12,6.72,8.7,5.72,5.48,5.93,8.08,7.85,4.7,9.52,5.71,4.96,3.91,8.1,7.18
1721,393,115,101,253,77,161,113,202,57.636,25.389,8.705,729,878,1045,232,389,1121,806,3006,,509,731,1538,1310,1893,623,142,402,96,103,,,,,480.4204167,41812.45792,31557.23817,1251.902917,14413.52875,418747.4765,345944.8475,43652.74604,,,,,6258.796701,149053.0117,60475.74948,10216.38449,,137109.4825,235700.7313,246984.35,,79761.08958,38235.1125,381537.9531,,,,,197.6,163.8,119.6,117.4,146.9,4.27,5.62,3.38,6.51,4.25,3.95,4.29,2.66,8,10.27,4,2.21,3.97,6.63,5.94
1722,231,149,65,154,110,176,159,163,56.295,24.015,4.27,798,759,983,253,478,1105,893,3145,,490,743,1597,1395,2188,675,144,432,118,104,,,,,569.2966667,41732.74417,36447.56983,1640.0875,18243.72099,417050.1615,362192.4542,54350.01569,,,,,2600.841799,44457.37999,20013.64722,2878.565827,91.625,128614.0125,249627.7313,274618.45,,118341.7047,40289.42135,463148.7224,,,,,194.8,321,136.4,116.9,191.7,3.2,6.13,6.35,7.26,5.81,5.63,4.57,5.83,2.15,1.75,0.95,6.16,2.4,3.99,3.11
1723,263,171,114,211,117,175,182,174,59.127,22.703,11.01,767,793,971,222,424,1087,861,2895,,475,810,1689,1343,2333,662,137,431,115,110,,,,,334.43125,43915.25167,33467.5736,884.7920833,7542.340938,292565.6496,250076.9228,57560.35208,,,,,705.9197222,23713.80221,18864.36263,1950.217764,73.3,120326.5313,281847.6625,276327.2563,,80095.13906,37129.75868,405123.3734,,,,,186.8,137.4,116.1,105,133.6,3.71,7.29,6.3,6.69,5.53,5.76,7.87,7.17,6.37,10.28,2.11,4.09,3.29,6.91,6.97
1724,260,159,65,184,117,159,136,192,,,4.11,750,883,1051,225,439,1130,897,3238,,487,810,1689,1385,2226,737,136,332,133,122,,,,,113.004014,43531.19021,29626.33292,965.7275,8119.8075,374916.2144,240028.5618,48652.49323,,,,,1681.639438,55237.65833,20356.92029,2984.241368,,103279.7,265492.6,285879.1625,,104024.2486,43735.2849,506125.0469,,,,,175.3,162.2,117.7,93.7,135.1,2.01,6.48,4.85,6.31,6.9,5.32,6.83,6.65,6.19,9.35,3.66,3.18,1.92,6.65,7.31
1725,525,153,135,330,123,168,150,174,,,9.58,945,920,1193,293,526,1221,1017,3259,,440,702,1491,1389,2455,759,140,468,126,123,,,,,3464.646667,249237.0572,218180.3704,27255.85673,14077.265,505917.73,394678.5052,86951.1324,,,,,1302.296667,58223.15206,38356.71399,4104.508327,,139618.175,277825.325,327027.95,,97455.13693,52061.325,605095.5086,,,,,153.7,150.2,119.4,84.2,125.4,6.54,10.41,9.4,10.31,8.23,8.11,11.76,8.6,10.46,13.09,9.78,7.28,4.56,11.39,10.26
1726,249,127,70,231,174,207,166,211,,,5.21,747,780,1031,263,296,1165,918,3051,,438,759,1162,1336,1890,607,105,428,125,93,,,,,279.2511118,210496.5232,78047.86854,4983.48375,2228.472708,388808.0151,139033.073,30551.13458,,,,,98.955,67812.03918,22442.09302,907.1333125,,78339.375,233808.675,253782.925,,26019.97292,30109.50208,355693.4039,,,,,149.8,236.7,176.7,81.1,161.7,1.77,6.3,5.52,4.76,6.2,5.51,8.15,9.9,3.33,6.48,3.51,3.29,4.75,6.13,3.05
1727,564,103,98,404,103,158,137,203,,,5.25,837,836,1095,241,321,1108,854,3036,,474,788,1571,1291,2214,761,150,421,125,122,,,,,1624.51125,299956.5802,171546.6319,12702.11103,13099.39719,667336.791,327399.7184,57463.535,,,,,2256.477235,165693.8862,77806.62128,8537.75341,,161864.725,215461.826,267086.875,,96844.68995,39933.08868,443205.8616,,,,,154.9,258.4,194.9,81,173.3,3.39,6.74,5.17,8.03,6.02,5.94,3.55,7.95,6.54,6.3,2.3,2.92,3.51,6.05,7.19
1728,489,64,61,281,108,153,146,172,,,8.41,788,912,1150,284,400,1238,945,2908,,451,777,1629,1363,2525,741,133,389,114,104,,,,,2957.349583,220060.2138,162174.1715,12217.27429,21765.21333,499191.2945,324503.1468,52441.56875,,,,,1205.785,35704.32667,21685.78973,1405.5275,,182494.4755,222899.9552,289928.9875,,29834.32167,942.5158333,32133.34563,,,,,157.2,,,83.9,116.3,3.48,9.82,7.87,7.22,8.06,7.11,8.23,5.09,4.32,5.37,2.53,4.31,4.53,6.68,4.13
1729,636,114,123,484,91,118,117,89,29.917,8.545,11.565,683,767,1075,318,330,1015,974,2805,,386,738,1785,1254,2199,765,124,454,111,108,,,,,3914.218473,237888.6248,180081.4226,15293.90756,19772.52229,580661.1445,383075.8024,75415.46854,,,,,1235.730951,33130.91281,33130.91281,1891.14,,184825.95,308171.525,381379.9,,32649.95792,1162.110417,66908.24,,,,,164.2,,,86,120.5,3.64,10.18,6.27,5.11,7.4,6.42,5.81,10.39,11.6,13.14,5.2,2.13,4.62,7.94,8.57
1730,484,86,79,277,126,173,117,232,58.151,17.096,12.1232,771,870,1175,256,341,1151,605,3225,,503,791,1530,1475,2479,802,141,442,123,97,,,,,3200.079479,273708.7665,170489.6611,11352.49021,18974.40746,557413.347,354027.8599,65134.07458,,,,,1030.475833,,,841.1175,,122099.475,223766.575,321512.125,,,,,,,,,162.2,,,86.8,120.1,4.01,7.64,7.75,5.33,7.61,6.96,4.76,5.09,6.2,7.29,5.92,2.57,4.95,3.16,4.03
1731,474,137,100,262,112,119,98,178,70.415,22.405,8.6,746,721,850,258,307,957,792,2521,,315,566,1306,1005,1788,494,107,304,89,93,,,,,3176.806729,268940.2808,254475.0754,24952.38285,19637.45177,549857.7357,443648.6318,85796.73375,,,,,,,,,,147974.375,258785.65,363861.2,,,,,,,,,160.7,,,89.9,121.2,4.17,4.47,2.61,5.58,7.46,6.06,7.35,10.58,7.21,7.97,5.14,2,4.62,6.35,4.83
1732,555,177,96,216,104,147,107,170,52.723,19.654,8.015,864,1010,1132,320,392,1199,1021,3481,743,435,772,1518,1488,2196,780,122,313,108,66,,,,,6157.963542,347517.6181,239519.9651,16642.16486,24963.84208,687919.8128,386346.2041,63836.51188,,,,,,,,,,216693.125,194519.875,273977.075,,,,,,,,,160.8,,,94.4,123.7,2.88,10.02,6.21,5.38,7.09,5.99,3.11,5.91,6.59,6.61,2.93,1.33,2.46,7.43,6.16
1733,516,58,100,227,106,95,70,135,62.553,21.452,11.83,675,836,1129,290,346,1196,969,3177,620,485,808,1728,1547,2517,784,143,450,120,101,,,,,2708.435,326503.4412,248478.1689,14903.73624,9804.180417,542544.1519,387989.1167,68610.40344,,,,,,,,,,200163.975,274288.6,329067.7516,,,,,,,,,174.1,,,96.1,130.6,3.71,7.25,6.14,5.81,8.94,6.58,4.13,3.92,4.74,3.04,1.48,1.25,2.82,5.85,5.64
1734,176,83,50,78,117,130,126,176,51.498,18.545,9.63,801,964,1160,233,359,1087,1029,3305,728,512,803,1709,1701,2421,631,136,417,93,97,,,,,1375.611938,251266.3037,279566.5176,9294.131529,7475.072917,386929.3972,508718.9506,82708.81854,,,,,,,,,,119937.125,261351.15,292295.2031,,,,,,,,,166.8,,,97.4,128.1,3.37,8.19,6.35,5.87,8.35,5.65,,4.37,0.29,2.25,0.91,3.33,4.25,3.1,1.57
1735,676,187,127,405,105,135,115,212,41.672,15.57,12.61,609,627,1016,308,361,1099,958,3222,674,483,735,1629,1344,2000,567,117,407,99,86,,,,,4670.431667,339488.2781,225112.2866,10448.85392,14305.71667,466993.9946,306293.5943,56073.43104,,,,,,,,,,145778.8109,233534.9453,204607.7875,,,,,,,,,165.2,,,96,126.6,2.69,6.33,4.43,4.87,8.37,4.76,0,9.28,9.43,13.57,12.81,2,7.45,6.92,5.89
1736,201,123,81,161,126,137,95,225,55.911,19.313,10.045,906,989,1273,299,399,1232,1054,3412,743,528,815,1794,1508,2347,654,150,426,111,105,,,,,3557.339098,279373.1431,213714.549,11840.40708,14998.1726,488165.3252,306817.9947,52948.10229,,,,,,,,,,172291.65,188500.1125,314676.9,,,,,,,,,158.7,160.8,126.6,86.3,131.7,3.02,2.32,2.08,7.71,9.21,6.37,2.8,2.71,5.21,2.43,4,2.11,3.5,5.99,3.8
1737,46,75,66,68,113,115,105,200,,,8.2,822,989,1321,273,457,1317,1132,3495,805,515,812,1915,1519,2711,708,152,474,108,110,,,,,4890.652354,321932.2531,281235.1112,14492.78438,23532.35417,574445.9153,416734.6279,70575.68333,,,,,,,,,,191379.4281,223964.7141,336112.5688,,,,,,,,,151,157.9,130.6,80.8,128.9,3.74,9.14,4.68,5.72,9.54,6.19,6.88,1.74,1.37,0.6,1.88,2,3.35,1.981427736,1.746558853
1738,181,170,43,151,150,156,113,154,68.27,19.714,10.715,798,934,1169,295,363,1155,974,3130,733,484,725,1526,1299,1980,597,130,391,96,114,,,,,5604.545488,247375.5872,216561.9623,12618.82101,20130.16521,553189.1444,342661.2366,58288.16,,,,,,,,,540.5875,183208.5397,214612.0158,330645.1141,,,,,,,,,151.6,184.5,147.8,78.7,140,2.42,8.02,4.2,6.22,8.47,6.45,4.96,6.46,1.87,9.78,4.56,2.12,3.2,10.84,9.97
1739,322,146,125,154,134,135,91,172,52.26,14.589,4.505,792,878,1234,273,357,1198,1027,3290,739,504,800,1888,1467,2179,824,155,459,115,105,,,,,3688.364375,166893.2577,128184.2851,5304.934792,20008.6842,393599.7583,297707.8736,56235.53094,,,,,,,,,,108839.0469,226759.2766,356732.775,,,,,,,,,153.6,224.8,176.6,75.2,157.9,4.85,10.1,4.82,8.62,10.66,6.87,4.47,4.12,5.69,8.63,8.97,2,6.88,4.58,2.77
1740,524,177,82,269,102,100,58,102,54.883,16.231,8.925,936,942,1129,288,346,1185,943,,676,477,790,1687,1521,207,788,117,459,108,113,,,,,3110.210625,184807.4721,135302.3626,5884.539271,11141.56182,613223.4478,288693.5771,41144.39714,,,,,,,,,,169044.6891,191631.3969,319716.275,,,,,,,,,169.7,229.1,170.7,81.3,162.3,3.09,9.26,4.95,6.74,10.37,6.87,5.43,2.21,6.96,5.03,3.63,2.12,4.53,7.59,7.7
1741,558,211,151,293,104,97,72,105,42.072,14.875,10.365,798,900,1504,174,346,1230,970,2778,624,510,812,1791,1347,1690,585,110,387,93,110,,,,,,,,,,,,,,,,,,,,,,125215.8703,213276.6578,287544.4469,,,,,,,,,138,192.9,147.9,86.2,151.9,3.05,6.42,2.86,5.67,8.33,5.22,3.73,4.72,6.43,9.07,6.66,2.57,4.73,8.12,7
1742,418,224,90,328,171,238,136,232,64.149,20.15,11.905,1014,1096,1621,185,463,1312,1168,3051,740,515,885,1957,1561,1905,819,168,470,95,135,,,,,,,,,,,,,,,,,,,,,,117941.9906,48433.20406,153571.2881,,,,,,,,,230.3,247.1,194.1,88.3,187.7,4.88,5.86,5.59,8.99,7.75,5.68,6.32,8.5,6.23,6.79,6.58,2.6,5.66,8.86,8.91
1743,501,126,115,265,129,155,63,193,65.227,18.187,9.235,690,878,1365,157,341,1181,905,2399,616,468,785,1479,1143,1492,634,139,416,98,112,,,,,,,,,,,,,,,,,,,,,,114516.3609,175475.6188,189246.8563,,,,,,,,,221.2,168.1,131.8,90,150.3,6.55,6.01,5.03,7.12,7.01,5.89,7.87,4.72,6.61,7.66,5.89,5.66,5.86,6.53,5.78
1744,229,125,42,132,126,111,102,92,47.133,16.686,9.085,852,1070,1463,173,350,1356,975,2814,674,508,873,1794,1569,1941,677,140,399,104,120,,,,,,,,,,,,,,,,,,,,,,60110.58125,245449.6313,115149.7188,,,,,,,,,205.2,132.1,96.9,89.9,127.1,6.71,10.13,5.07,8.18,9.46,6.05,4.89,5.71,2.94,6.09,1.65,5,3.71,5.35,4.65
1745,484,173,96,143,110,118,84,75,57.883,16.435,9.96,888,989,1392,203,394,1222,990,2536,676,473,802,1578,1327,1848,740,136,410,104,103,,,,,,,,,,,,,,,,,,,,,,146315.9625,203965.2672,363241.5859,,,,,,,,,188.9,193.4,130.9,88.4,148.3,4.7,9.44,5.67,6.11,8.58,5.41,5.42,8.36,6.03,8,7.73,3.75,3.64,6.61,5.09
1746,548,156,120,241,119,120,65,79,54.893,14.394,6,885,994,1450,177,388,1321,1010,2802,708,428,932,1778,1433,2073,773,140,414,90,122,,,,,,,,,,,,,,,,,,,,,,77432.2875,271330.2578,391736.102,,,,,,,,,193.8,242.5,174.1,88.6,173.7,5.09,6.62,3.55,5.99,8.48,5.86,5.48,10.45,7.72,7.38,7.77,1.93,4.18,11.5,9.13
1747,664,140,99,328,99,127,46,160,53.305,15.465,7.115,908,934,1479,138,342,1185,922,2530,683,516,675,1750,1539,1945,799,141,388,129,108,,,,,,,,,,,,,,,,,,,,,,176307.1156,277825.8977,360489.4,,,,,,,,,198.1,251.3,207.1,90,193.9,5.59,11.47,4.8,6.12,10.47,6.61,1.35,6.56,3.88,5.9,2.95,1.62,3.06,7.43,6.62
1748,509,129,90,325,120,132,77,150,51.524,10.353,10.93,657,840,1134,102,363,1273,1074,2588,666,493,945,1906,1332,2383,719,132,475,102,87,,,,,,,,,,,,,,,,,,,,,,211048.2615,175198.8349,250858.9422,,,,,,,,,189.1,146.4,118.3,84.9,131.7,4.94,7.89,5.46,6.56,10.33,5.62,6.75,7.96,3.38,4.94,3.91,4,2.68,8.46,5.78
1749,489,131,120,308,100,143,87,198,52.971,16.306,4.355,846,849,1301,136,319,1166,928,2321,571,453,829,1712,1203,1891,566,130,393,87,94,,,,,,,,,,,,,,,,,,,,,,226233.8645,299897.7875,393872.9688,,,,,,,,,176.9,110.9,96.1,81.4,112.3,2.68,4.49,4.92,4.98,10.7,5.23,4.22,10.03,5.95,9.07,9,3.33,4.63,8.05,7.07
1750,392,40,19,195,180,223,125,306,,,7.1,1016,1049,1437,200,441,1374,1064,2997,701,502,979,1851,1598,2286,791,150,452,123,121,,,,,,,,,,,,,,,,,,,,,,313933.5922,316965.807,412656.0938,,,,,,,,,161.1,110.5,108.1,77.4,107.6,5.48,10.35,4.39,8.12,10.17,8.22,5.51,5.7,6.26,6.47,7.66,3.11,2.76,1.38,1.08
1751,728,131,96,346,96,110,52,144,,,10.9599,615,725,972,74,279,1072,636,2187,551,466,760,1594,1215,1984,647,134,429,90,83,,,,,,,,,,,,,,,,,,,,,,98254.06875,223355.4078,413533.4031,,,,,,,,,167.1,154.7,124.7,81.5,125.5,5.84,7.67,5.37,5.57,7.4,4.16,6.15,5.3,4.5,8.23,6.07,4.47,3.57,8.14,6.15
1752,339,193,115,213,122,125,66,154,50.057,14.994,13.78,909,576,1259,148,446,1279,748,2516,663,478,850,1694,1332,1814,713,142,380,140,110,,,,,,,,,,,,,,,,,,,,,,207758.5422,204881.5172,364583.8922,,,,,,,,,177,210.3,162.9,99.9,159.8,6.39,9.06,4.57,6.25,9.52,5.34,4.26,6.71,6.36,5.77,4.26,5.56,4.47,9.89,7.21
1753,399,95,38,183,115,159,62,302,45.021,16.146,8.8099,765,977,1196,118,321,1525,879,2533,662,505,871,1831,1303,1896,688,138,419,94,92,,,,,,,,,,,,,,,,,,,,,,186023.3742,221087.1164,309578.9868,,,,,,,,,195.5,237.6,195.5,104.8,182.7,4.26,9.24,5.39,8.04,8.56,5.82,9.63,1.16,1.76,0.98,1.13,7.16,1.05,2.73,1.38
1754,289,286,113,218,155,156,112,174,77.232,19.81,10.6849,810,836,1224,208,378,1262,1059,2690,645,395,854,1905,1244,2032,674,122,411,103,103,,,,,,,,,,,,,,,,,,,,,,123176.9277,255746.277,383472.0996,,,,,,,,,190.5,183.8,148.1,97.4,153,5.63,6.99,4.42,7.03,8.55,6.11,4.99,9.92,5.08,3.44,8.02,6.36,2.19,1.43,1.86
1755,529,355,136,347,135,109,102,101,49.037,15.244,9.0149,1022,1010,1413,239,496,1435,985,2793,644,488,759,1785,1282,2790,606,136,403,137,104,,,,,,,,,,,,,,,,,,,,,,163494.5047,202364.4066,367025.4121,,,,,,,,,188,181.1,153.1,95.9,152.7,14.38,9.87,6.69,7.45,7.55,4.74,5.56,14.1,14.44,15.28,5,4.83,9.61,10.44624902,10.71475726
1756,622,220,118,302,192,196,110,151,70.32,15.63,10.2599,830,865,1367,241,409,1320,904,2577,668,505,742,1788,1300,1635,747,136,327,112,107,,,,,,,,,,,,,,,,,,,,,,47505.27188,233778.5151,362604.7922,,,,,,,,,212.2,227.8,179,108,180.1,3.32,9.46,4.43,5.44,8.54,5.06,4.75,5.45,13.18,12.17,5.73,3.75,8.06,4.66,8.02
1757,267,105,81,132,159,140,97,117,70.093,16.374,9.8599,806,528,1144,209,360,1295,823,2317,577,436,638,1360,916,1919,586,110,389,96,97,,,,,,,,,,,,,,,,,,,,,,142316.5313,171818.6359,341969.1242,,,,,,,,,232.6,248.1,182.4,112.3,191.7,6.85,8.78,5.55,5.35,7.59,5.15,3.78,5.41,4.37,4.81,5,4.52,3.31,6.76,5.41
1758,519,108,72,275,116,100,73,121,,,13.68,716,874,1144,226,381,1386,860,2407,606,502,676,1587,1040,1514,611,116,345,96,102,,,,,,,,,,,,,,,,,,,,,,177450.3666,306673.6853,424360.3476,,,,,,,,,218.7,157.7,123.2,106.9,147.9,4.34,10.11,6.3,5.93,7.12,5.13,2.44,5.71,6.7,4.14,1.5,3.15,5.59,7.21,9.64
1759,279,90,42,157,125,136,50,142,70.133,19.331,12.72,830,848,996,224,407,1209,860,2578,650,547,787,1699,1223,1722,785,133,387,105,103,,,,,,,,,,,,,,,,,,,,,,246182.6313,178778.7,314388.2813,,,,,,,,,201.2,207.8,152.5,102.5,163.2,4.51,7.63,5.56,4.87,8.65,4.97,3.55,6.28,4.17,1.48,4.4,5.94,4.46,6.05,7.74
1760,461,91,23,266,123,146,78,202,73.528,20.838,12.086,881,994,1338,283,458,1403,863,2634,650,547,864,1775,1319,1856,756,140,424,110,118,,,,,,,,,,,,,,,,,,,,,,191389.1633,265521.2328,353090.6813,,,,,,,,,207,203.2,148.4,105,162.6,8.78,10.16,6.29,7.34,9.32,6.18,4.56,8.75,3,7.33,5.94,4.23,2.15,8.39,6.31
1761,355,114,33,297,113,127,62,143,52.894,20.506,10.55,848,828,1275,204,425,1360,747,2306,614,447,784,1596,1179,1643,638,131,395,91,99,,,,,,,,,,,,,,,,,,,,,,,,,,,,,,,,,207.5,193.9,157.3,107.5,163.3,5.46,5.85,6.17,5.5,6.81,5.47,4.43,8.43,4.97,4.92,7.06,5,5.45,7.53,6.67
1762,616,133,28,306,121,115,60,166,52.134,21.04,12.31,712,836,1083,241,391,1201,825,2544,594,510,779,1688,1157,1749,786,137,419,106,117,,,,,,,,,,,,,,,,,,,,,,,,,,,,,,,,,202,161,134.8,132.5,155.1,5.94,11.13,3.83,5.91,10.86,5.83,4.41,2.96,5.63,3.83,3.87,3.63,5.68,6.78,5.41
1763,393,103,40,242,97,97,39,171,49.159,15.716,9.3,909,968,1429,251,526,1333,760,2700,674,510,794,1885,1219,2104,782,146,524,98,109,,,,,,,,,,,,,,,,,,,,,,,,,,,,,,,,,201.3,172.3,140.8,132.1,159.5,6.99,9.34,5.05,7.05,9.16,6.3,7.66,6.11,4.55,4.12,3.94,3,3.81,5.24,5.02
1764,439,144,43,314,122,141,46,242,55.653,15.357,13.775,822,925,1268,188,413,1187,868,2468,672,495,777,1699,1218,1701,686,73,455,96,118,,,,,,,,,,,,,,,,,,,,,,,,,,,,,,,,,200.1,203.3,157.5,138.4,173.4,6.05,6.26,5.81,6.58,7.88,5.93,5.52,10.77,4.28,5.26,1.5,4.52,3.01,5.91,5.5
1765,494,69,18,255,129,140,69,218,51.569,15.505,10.15,819,857,1125,204,390,1220,785,2458,642,496,747,1676,1081,1380,689,134,451,83,100,,,,,,,,,,,,,,,,,,,,,,,,,,,,,,,,,211.7,228.2,189.9,141.8,191.9,,7.92,3.95,4.01,7.02,3.2,6.4,5.15,6.1,3.01,0.32,3.87,3.2,10.11,7.03
1766,1046,177,53,493,133,174,74,244,51.762,17.301,13.2,798,900,1124,218,358,1168,686,2299,665,484,733,1568,1089,2018,698,146,484,90,109,,,,,,,,,,,,,,,,,,,,,,,,,,,,,,,,,185.4,148.1,121.4,122.8,141.3,6.44,8.62,3.42,5.77,6.85,4.79,2.02,8.84,7.72,9.34,6.03,3.8,3.43,11.51,6.51
1767,416,98,44,163,101,107,42,176,56.395,16.58,11.8148,820,874,1102,233,486,1378,932,2607,669,509,753,1561,1127,1673,589,137,472,88,121,,,,,,,,,,,,,,,,,,,,,,,,,,,,,,,,,201.4,144.5,111,112,128.6,4.61,7.62,3.34,5.35,6.12,6.48,4.13,6.26,3.83,0.9,1,4,1.9,3.85,3.24
1768,739,115,39,346,153,162,59,288,64.061,20.468,16.8612,960,1066,1138,235,373,1261,902,2697,658,512,790,2067,1047,1386,742,141,418,82,131,,,,,,,,,,,,,,,,,,,,,,,,,,,,,,,,,189.4,168.8,129.9,102.9,135.4,4.88,7.8,6.06,6.66,7.37,6.29,4.26,5.25,5.37,2.84,3.04,4.61,3.78,4.67,3.62
1769,536,112,52,250,107,102,37,156,52.918,17.437,19.4436,741,512,960,206,304,1079,364,2124,526,501,653,2041,1032,1937,763,135,504,91,76,,,,,,,,,,,,,,,,,,,,,,,,,,,,,,,,,156.3,169.6,113.1,99.6,127.8,5.03,6.61,5.07,4.07,5.01,6.68,4.14,4.91,2.14,5,3.27,3.02,3.39,6.31,6.3
1770,421,187,48,274,143,115,55,159,57.232,15.265,15.68,891,866,1189,198,368,1235,855,2369,645,413,655,1599,897,1350,522,105,376,82,147,,,,,,,,,,,,,,,,,,,,,,,,,,,,,,,,,151.8,160.3,100.7,96.3,119.6,3.42,8.55,4.62,4.9,5.03,4.31,5.22,6.47,4.88,6.24,6.21,3.69,3.19,6.37,8.9
1771,732,103,43,229,129,128,58,193,49.684,18.691,16.6504,882,938,1218,230,412,1275,846,2505,645,476,711,1770,1132,1462,651,136,425,80,105,,,,,,,,,,,,,,,,,,,,,,,,,,,,,,,,,194.5,130.6,86.5,91.5,112,3.74,6.82,5.42,4.18,7.17,5.86,2.92,4.53,5.15,9.71,4.65,3.57,3.61,5.26,5
1772,454,96,44,210,161,118,73,240,51.065,20.481,14.6944,784,883,1289,236,404,1313,876,2109,624,528,707,1885,1280,1845,671,133,455,74,128,,,,,,,,,,,,,,,,,,,,,,,,,,,,,,,,,189.1,141.2,100,91.1,124.2,4.03,6.47,3.47,4.49,7.18,6,5.91,7.21,2.45,3.38,3,5.23,2.94,3.19,3.13
1773,475,168,51,332,131,137,53,250,61.231,22.514,15.9676,966,921,1367,238,447,1418,885,2644,655,549,988,2014,1410,1590,611,141,464,84,137,,,,,,,,,,,,,,,,,,,,,,,,,,,,,,,,,201.7,162.4,114.1,101.2,139,3.58,7.29,5.8,4.27,6.18,4.79,5.98,8.23,3.15,6.25,7.05,6.47,4.76,3.79,4.81
1774,803,135,51,355,113,141,60,226,52.739,21.482,21.5738,824,848,1147,229,418,1214,846,2234,636,530,733,1729,1273,1570,585,128,411,94,117,,,,,,,,,,,,,,,,,,,,,,,,,,,,,,,,,206.6,168.4,114.6,96.4,143.2,4.08,9.37,5,4.67,7.56,5.48,4.86,8.44,7.4,5.71,7.69,6,6.84,5.85,7.01
1775,577,172,77,264,122,159,56,325,57.154,26.758,16.4884,754,815,1033,209,392,1271,804,2344,608,483,710,1695,1204,1708,711,140,434,87,129,,,,,,,,,,,,,,,,,,,,,,,,,,,,,,,,,213.9,165.5,119.3,95.8,136.6,2.69,7.47,7.15,3.89,7.98,5.75,3.02,5.92,3.29,8.12,8.66,5.78,3.68,3.61,5.08
1776,459,145,68,169,122,117,57,278,58.544,21.394,17.0838,897,976,1358,227,469,1326,841,2388,619,498,723,1905,1032,1432,675,140,408,81,123,,,,,,,,,,,,,,,,,,,,,,,,,,,,,,,,,226.2,173.4,122.3,99.1,140,5.62,8.97,7.58,4.59,5.91,4.64,10.34,6.72,3.55,6.77,5.48,5.34,3.57,3.48,5.38
1777,554,94,81,340,99,93,52,243,46.978,20.76,15.3824,888,1002,1354,250,464,1285,878,2599,708,514,726,1770,1403,1586,648,147,440,93,114,,,,,,,,,,,,,,,,,,,,,,,,,,,,,,,,,228.2,170.2,130.5,105.6,143.6,4.29,7.71,5,5.54,8.28,5.62,4.28,4.09,3.88,6.36,2.97,5.47,5.46,4,4.88
1778,393,83,63,218,120,100,56,243,60.879,23.749,15.9019,742,802,1108,244,432,1287,824,2432,626,462,740,2042,1197,1804,642,142,457,85,113,,,,,,,,,,,,,,,,,,,,,,,,,,,,,,,,,345.8,184.4,136.5,106.7,148,2.75,6.29,6.2,6.36,6.38,5.17,5.26,6,2.94,4,0.9,5.07,3.79,5.89,5.38
1779,316,98,85,136,114,115,28,336,65.663,23.559,18.4252,805,797,1028,208,376,1370,787,2360,637,514,753,1956,1366,1756,641,146,417,86,116,,,,,,,,,,,,,,,,,,,,,,,,,,,,,,,,,313,182.5,138.7,104.4,144.2,4.44,8.89,6.41,6.2,7.16,6.52,5.71,3.08,2.44,2.86,3.75,5,2.97,3.55,2.29
1780,268,107,67,129,103,91,45,211,49.331,13.296,16.8295,801,951,1287,238,391,1378,844,2511,632,496,747,1809,1213,1594,622,141,400,88,127,,,,,,,,,,,,,,,,,,,,,,,,,,,,,,,,,307.6,177,137,108.6,143.1,3.08,7.94,4.45,5.4,6.42,4.85,12.48,6.34,3.03,5.51,3.6,6.08,2.94,5.82,4.08
1781,296,142,78,161,141,144,64,297,64.074,28.06,16.6344,762,802,925,233,398,1269,758,2270,571,474,666,1812,1184,1751,596,144,347,88,,,,,,,,,,,,,,,,,,,,,,,,,,,,,,,,,,,177,137.8,106.3,140.4,4.7,11.21,5.51,5.67,5.67,6.18,7.14,12.33,4.91,11.83,11.2,4.15,3.74,7.69,6.24
1782,543,168,126,327,122,110,66,177,47.558,18.708,15.4337,798,878,1233,217,371,1281,743,2291,583,448,692,1632,1214,1651,660,141,437,92,,,,,,,,,,,,,,,,,,,,,,,,,,,,,,,,,,,175.3,141.8,106,141,4.33,5.99,4.24,5.98,6.39,4.81,4.65,20.7,,16.93,11.34,5.9,7.37,3.47,5.91
1783,399,98,55,228,127,139,83,252,64.45,24.256,13.3536,843,993,1253,251,393,1446,923,2598,650,497,789,1996,1324,1796,695,150,486,85,,,,,,,,,,,,,,,,,,,,,,,,,,,,,,,,,,269.2,175.5,136.7,109.9,142.5,3.65,6.34,5.98,6.55,9.18,6.98,6.54,8.53,,10.34,9.68,3.25,4.27,3.56,4.02
1784,441,70,26,160,117,54,43,185,46.641,16.587,15.0052,735,891,1173,232,351,1410,842,2383,636,470,713,1919,1160,1634,705,145,499,90,,,,,,,,,,,,,,,,,,,,,,,,,,,,,,,,,,251.7,190.6,166.5,111,161.1,7.1,6.1,8.09,5.67,6.75,6.23,5.18,4.15,,,0.85,2.5,4,2.16,1.06
1785,549,93,56,211,96,73,45,159,53.793,18.569,17.115,801,721,1095,219,334,962,761,1583,394,144,406,1326,782,1474,578,75,390,62,,,,,,,,,,,,,,,,,,,,,,,,,,,,,,,,,,254.4,198.6,162.4,111.8,174.3,5.44,8.34,6.94,6.96,5.95,5.93,6.3,6.01,,,2.8,3.16,4.92,6.19,6.51
1786,421,76,49,195,111,86,65,179,63.397,24.195,18.74,885,934,1335,327,491,1666,1009,3029,723,495,765,2165,1509,1992,813,159,516,140,,,,,,,,,,,,,,,,,,,,,,,,,,,,,,,,,,242.1,189.8,154.1,107.7,166.3,6.23,8.4,,7.31,7.84,,1.29,5.6,,,,3.87,6.7,4.84,3.74
1787,323,79,68,214,113,95,48,237,67.85,26.905,14.725,651,959,1282,272,383,1640,904,2691,773,502,855,2132,1400,2018,687,149,450,126,,,,,,,,,,,,,,,,,,,,,,,,,,,,,,,,,,233.9,177.6,152.7,104.8,160.3,6.01,6.46,,5.78,6.91,,5.98,4.79,,,,2.5,2.41,4.96,3.72
1788,345,139,54,182,108,95,53,286,55.145,19.396,14.735,810,1040,1255,252,402,1488,886,2285,624,451,474,1673,1447,1742,634,151,417,148,,,,,,,,,,,,,,,,,,,,,,,,,,,,,,,,,,239.1,170.8,134.9,99.4,153,2.61,5.37,,4.59,6.76,,5.74,6.61,,,,2.5,3.02,5.15,6.09
1789,457,93,50,252,118,121,61,333,46.082,17.019,,705,921,1150,259,370,1384,778,2118,600,278,547,1439,747,1322,640,123,400,147,,,,,,,,,,,,,,,,,,,,,,,,,,,,,,,,,,231.3,194.7,157.8,105.6,168.4,5.07,8,,4.77,7.34,,4.49,,,8.64,,4.22,3.24,7.88,6.25
1790,526,180,54,234,143,132,74,272,68.286,24.611,19.53,793,938,1217,271,436,1748,956,2814,746,463,818,2309,1507,2350,628,142,403,142,,,,,,,,,,,,,,,,,,,,,,,,,,,,,,,,,,217.6,201.2,175.6,112.4,174.5,4.56,8.54,,7.9,8.29,,3.74,,,13.63,,3.57,5.8,7.31,7.13
1791,265,159,53,139,140,139,60,287,63.624,24.38,,789,1019,1392,284,458,1642,922,2538,727,539,753,1881,1368,2032,655,146,399,171,,,,,,,,,,,,,,,,,,,,,,,,,,,,,,,,,,215.3,205.4,177.2,115.8,176.4,6.35,9.03,,7.07,9.17,,5.26,,,8.12,,,3.44,2.33,2.3
1792,493,95,27,256,108,125,41,257,52.856,20.548,5.386,700,831,1098,227,349,1452,802,2502,642,508,717,1770,1359,1931,654,135,426,135,,,,,,,,,,,,,,,,,,,,,,,,,,,,,,,,,,206.3,177,144.5,119,159.3,2.94,6.04,,5.62,5.89,,5.7,,,5.28,,,4.62,6.73,7.41
1793,69,131,31,72,137,109,76,229,62.196,23.297,,724,904,1217,251,402,1451,728,2663,675,510,704,1788,1277,1690,550,119,376,127,,,,,,,,,,,,,,,,,,,,,,,,,,,,,,,,,,207.5,183.9,156.5,124.5,165.5,5.39,3.25,,6.36,5.29,,5.55,,,2.62,,,3.61,4.46,5.34
1794,381,224,57,177,105,120,61,250,47.021,19.959,,826,930,1250,263,425,1397,797,2510,649,430,688,1369,1504,2301,688,121,492,153,,,,,,,,,,,,,,,,,,,,,,,,,,,,,,,,,,190.1,179.6,157.4,113.5,159.5,4.72,6.97,,4.6,8.34,,4.85,,,10.86,,,5.3,8.05,8.12
1795,440,108,62,181,111,137,87,404,42.454,25.277,,736,818,1170,171,202,1329,772,2450,638,476,771,1827,1238,1942,599,117,408,134,,,,,,,,,,,,,,,,,,,,,,,,,,,,,,,,,,186,167.9,139.7,113.5,148.7,1.78,7.05,,5.49,7.89,,4.64,,,7.57,,,5.33,7.989716918,7.638927198
1796,377,112,24,198,133,113,66,305,52.586,19.065,25.29,800,1117,1304,347,473,1608,1087,2905,742,555,875,2404,1707,2914,722,126,493,134,,,,,,,,,,,,,,,,,,,,,,,,,,,,,,,,,,184,162.3,136.9,109.4,143,3.28,6.67,,5.99,8.35,,3.61,,,3.77,,,4.02,8.88,8.79
1797,371,110,43,199,99,93,43,201,47.384,19.217,,,,,267,423,1348,978,2867,691,508,872,2135,1498,2450,628,128,408,127,,,,,,,,,,,,,,,,,,,,,,,,,,,,,,,,,,179.6,173.6,134.6,102.7,146.8,4.14,6.66,,5.83,8.61,,5.97,,,4.89,,,,6.62,4.61
1798,396,204,87,232,150,135,75,295,46.397,19.487,,,,,,,,,,,,,,,,,,,,,,,,,,,,,,,,,,,,,,,,,,,,,,,,,,,,,158.8,143,118.9,98.4,124,3.61,7.31,,4.65,8.85,,4.67,,,11.29,,,,7.84,7.53
1799,662,121,53,237,119,90,71,277,60.912,22.972,15.707,,,,,,,,,,,,,,,,,,,,,,,,,,,,,,,,,,,,,,,,,,,,,,,,,,,,155.1,146.4,126.5,88.4,125.7,4.74,8.21,,4.47,,,5.73,,,5.3,,,,9.07,7.51
1800,504,79,22,208,112,89,60,276,51.571,22.311,22.645,,,,,,,,,,,,,,,,,,,,,,,,,,,,,,,,,,,,,,,,,,,,,,,,,,,,163.6,,,89.5,122.2,2.96,6.28,,5.13,,,,,,,,,,,
1801,457,107,67,269,,,,,46.061,22.027,,,,,,,,,,,,,,,,,,,,,,,,,,,,,,,,,,,,,,,,,,,,,,,,,,,,,170.1,,,88.6,124.6,,,,,,,,,,,,,,,
1802,568,217,72,379,,,,,38.341,14.795,,,,,,,,,,,,,,,,,,,,,,,,,,,,,,,,,,,,,,,,,,,,,,,,,,,,,178,,,90.9,129.4,,,,,,,,,,,,,,,
1803,447,67,39,268,,,,,31.81,9.914,47.2422,,,,372,422,,,,592,,696,1778,,,,,,,,,,,,,,,,,,,,,,,,,,,,,,,,,,,,,,,,175.6,,,96.8,131.6,,,,,,,,,,,,,,,
1804,98,26,15,102,,,,,48.261,14.781,,,,,365,339,,,,659,,723,1712,,,,,,,,,,,,,,,,,,,,,,,,,,,,,,,,,,,,,,,,179.8,,,99,134.7,,,,,,,,,,,,,,,
1805,358,62,35,358,,,,,63.519,23.356,,,,,420,413,,,,513,,710,1803,,,,,,,,,,,,,,,,,,,,,,,,,,,,,,,,,,,,,,,,188.7,,,107.8,143.6,,,,,,,,,,,,,,,
1806,320,70,54,154,,,,,47.792,19.9,,,,,358,411,,,,592,,663,1729,,,,,,,,,,,,,,,,,,,,,,,,,,,,,,,,,,,,,,,,203.9,146.7,143.2,108.6,147.7,,,,,,,,,,,,,,,
1807,186,66,40,141,,,,,50.951,18.334,,,,,470,381,,,,700,,829,2649,,,,,,,,,,,,,,,,,,,,,,,,,,,,,,,,,,,,,,,,193.5,161.3,149.1,95.4,147.4,,,,,,,,,,,,,,,
1808,,,,,,,,,60.356,19.211,,,,,472,470,,,,635,,644,2175,,,,,,,,,,,,,,,,,,,,,,,,,,,,,,,,,,,,,,,,170.5,160,163,90.8,144.7,,,,,,,,,,,,,,,
1809,,,,,,,,,63.19,26.336,,,,,433,416,,,,569,,645,2011,,,,,,,,,,,,,,,,,,,,,,,,,,,,,,,,,,,,,,,,156.9,10.51,93.2,79.3,105.9,,,,,,,,,,,,,,,
1810,126,,,113,,,,,33.802,23.815,,,,,428,390,,,,574,,697,1919,,,,,,,,,,,,,,,,,,,,,,,,,,,,,,,,,,,,,,,,154.3,155.3,133.5,80.9,129.7,,,,,,,,,,,,,,,
1811,,,,,,,,,27.088,14.081,,,,,449,459,,,,601,,644,2038,,,,,,,,,,,,,,,,,,,,,,,,,,,,,,,,,,,,,,,,175.9,,,84.2,124.7,,,,,,,,,,,,,,,
1812,,30,18,,,,,,28.334,9.924,,,,,467,473,,,,639,,700,2023,,,,,,,,,,,,,,,,,,,,,,,,,,,,,,,,,,,,,,,,180.4,182.6,174.1,81.9,153.3,,,,,,,,,,,,,,,
1813,,,,,,,,,,,,,,,460,365,,,,646,,732,1924,,,,,,,,,,,,,,,,,,,,,,,,,,,,,,,,,,,,,,,,181.4,155.5,152.9,84.2,141.4,,,,,,,,,,,,,,,
1814,299,81,52,176,,,,,53.814,21.829,,,,,471,403,,,,620,,773,1935,,,,,,,,,,,,,,,,,,,,,,,,,,,,,,,,,,,,,,,,185.3,185.4,161.4,88.8,153.6,,,,,,,,,,,,,,,
1815,166,70,50,88,,,,,43.479,19.586,,,,,352,325,,,,541,,592,1829,,,,,,,,,,,,,,,,,,,,,,,,,,,,,,,,,,,,,,,,201.4,194.7,156.7,97.1,161,,,,,,,,,,,,,,,
1816,563,102,65,201,,,,,58.624,26.367,,,,,476,284,,,,537,,314,1337,,,,,,,,,,,,,,,,,,,,,,,,,,,,,,,,,,,,,,,,229.4,,,113.8,166.1,,,,,,,,,,,,,,,
1817,106,88,68,68,,,,,41.918,19.824,,,,,501,407,,,,624,,575,2096,,,,,,,,,,,,,,,,,,,,,,,,,,,,,,,,,,,,,,,,244.8,222.4,158.1,117.8,183.2,,,,,,,,,,,,,,,
1818,,,,,,,,,48.806,24.137,,,,,429,385,,,,567,,596,1898,,,,,,,,,,,,,,,,,,,,,,,,,,,,,,,,,,,,,,,,255.6,,,120.1,181.4,,,,,,,,,,,,,,,
1819,,,,,,,,,47.016,19.164,,,,,512,332,,,,546,,504,1814,,,,,,,,,,,,,,,,,,,,,,,,,,,,,,,,,,,,,,,,246.5,121.3,89.7,90.3,131.4,,,,,,,,,,,,,,,
1820,328,120,48,,,,,,43.241,18.636,,,,,381,327,,,,519,,428,1591,,,,,,,,,,,,,,,,,,,,,,,,,,,,,,,,,,,,,,,,170.7,,,60,111.3,,,,,,,,,,,,,,,
1821,,,,,,,,,,,,,,,419,366,,,,548,,435,1386,,,,,,,,,,,,,,,,,,,,,,,,,,,,,,,,,,,,,,,,198.5,,,163.9,196.8,,,,,,,,,,,,,,,
1822,,,,,,,,,,,,,,,351,93,,,,527,,499,1706,,,,,,,,,,,,,,,,,,,,,,,,,,,,,,,,,,,,,,,,225.1,,,185.1,223.1,,,,,,,,,,,,,,,
1823,156,,,132,,,,,36.859,20.241,,,,,438,319,,,,572,,416,1460,,,,,,,,,,,,,,,,,,,,,,,,,,,,,,,,,,,,,,,,202.7,115.1,104.4,122.1,132.5,,,,,,,,,,,,,,,
1824,174,,,126,,,,,38.559,13.655,,,,,420,428,,,,565,,323,1354,,,,,,,,,,,,,,,,,,,,,,,,,,,,,,,,,,,,,,,,229.3,141.7,129.6,120.6,151.6,,,,,,,,,,,,,,,
1825,303,155,62,163,,,,,45.534,19.434,,,,,439,357,,,,598,,417,1491,,,,,,,,,,,,,,,,,,,,,,,,,,,,,,,,,,,,,,,,220,131.3,133.7,104.3,152.7,,,,,,,,,,,,,,,
1826,128,73,28,91,,,,,47.021,25.977,,,,,,,,,,,,,,,,,,,,,,,,,,,,,,,,,,,,,,,,,,,,,,,,,,,,,206.8,127.6,139.2,188.8,137.5,,,,,,,,,,,,,,,
1827,230,116,103,189,,,,,39.572,21.624,,,,,,,,,,,,,,,,,,,,,,,,,,,,,,,,,,,,,,,,,,,,,,,,,,,,,210.5,150.9,157.2,92.7,150.3,,,,,,,,,,,,,,,
1828,160,168,48,125,,,,,,,,,,,,,,,,,,,,,,,,,,,,,,,,,,,,,,,,,,,,,,,,,,,,,,,,,,,221.1,,,98.4,153.9,,,,,,,,,,,,,,,
1829,124,115,56,105,,,,,,,,,,,,,,,,,,,,,,,,,,,,,,,,,,,,,,,,,,,,,,,,,,,,,,,,,,,218.1,,,91.8,149,,,,,,,,,,,,,,,
1830,149,101,39,90,,,,,,,,,,,,,,,,,,,,,,,,,,,,,,,,,,,,,,,,,,,,,,,,,,,,,,,,,,,186.4,,,79.7,127.9,,,,,,,,,,,,,,,
1831,174,69,66,89,,,,,,,,,,,,,,,,,,,,,,,,,,,,,,,,,,,,,,,,,,,,,,,,,,,,,,,,,,,189.4,,,85.1,133.4,,,,,,,,,,,,,,,
1832,142,179,84,91,,,,,,,,,,,,,,,,,,,,,,,,,,,,,,,,,,,,,,,,,,,,,,,,,,,,,,,,,,,171.1,,,84.3,127.3,,,,,,,,,,,,,,,
1833,211,162,90,158,,,,,,,,,,,,,,,,,,,,,,,,,,,,,,,,,,,,,,,,,,,,,,,,,,,,,,,,,,,160.8,103.6,112.9,80.6,112.3,,,,,,,,,,,,,,,
1834,14,69,23,29,,,,,,,,,,,,,,,,,,,,,,,,,,,,,,,,,,,,,,,,,,,,,,,,,,,,,,,,,,,149.8,99.2,114.4,69,106.2,,,,,,,,,,,,,,,
1835,53,72,88,41,,,,,,,,,,,,,,,,,,,,,,,,,,,,,,,,,,,,,,,,,,,,,,,,,,,,,,,,,,,143.9,130.7,128,69.2,117,,,,,,,,,,,,,,,
1836,,,,,,,,,,,,,,,,,,,,,,,,,,,,,,,,,,,,,,,,,,,,,,,,,,,,,,,,,,,,,,,171.1,18.11,157.4,81.4,149.5,,,,,,,,,,,,,,,
1837,,,,,,,,,,,,,,,,,,,,,,,,,,,,,,,,,,,,,,,,,,,,,,,,,,,,,,,,,,,,,,,174.7,,,56.7,158.6,,,,,,,,,,,,,,,
1838,,,,,,,,,,,,,,,,,,,,,,,,,,,,,,,,,,,,,,,,,,,,,,,,,,,,,,,,,,,,,,,,,,,,,,,,,,,,,,,,,,
1839,,,,,,,,,,,,,,,,,,,,,,,,,,,,,,,,,,,,,,,,,,,,,,,,,,,,,,,,,,,,,,,,,,,,,,,,,,,,,,,,,,
1840,,,,,,,,,,,,,,,,,,,,,,,,,,,,,,,,,,,,,,,,,,,,,,,,,,,,,,,,,,,,,,,,,,,,,,,,,,,,,,,,,,
1841,,,,,,,,,,,,,,,,,,,,,,,,,,,,,,,,,,,,,,,,,,,,,,,,,,,,,,,,,,,,,,,,,,,,,,,,,,,,,,,,,,
1842,,,,,,,,,,,,,,,,,,,,,,,,,,,,,,,,,,,,,,,,,,,,,,,,,,,,,,,,,,,,,,,,,,,,,,,,,,,,,,,,,,
1843,,,,,,,,,,,,,,,,,,,,,,,,,,,,,,,,,,,,,,,,,,,,,,,,,,,,,,,,,,,,,,,,,,,,,,,,,,,,,,,,,,
1844,,,,,,,,,,,,,,,,,,,,,,,,,,,,,,,,,,,,,,,,,,,,,,,,,,,,,,,,,,,,,,,,,,,,,,,,,,,,,,,,,,
1845,,,,,,,,,,,,,,,,,,,,,,,,,,,,,,,,,,,,,,,,,,,,,,,,,,,,,,,,,,,,,,,,,,,,,,,,,,,,,,,,,,
1846,,,,,,,,,,,,,,,,,,,,,,,,,,,,,,,,,,,,,,,,,,,,,,,,,,,,,,,,,,,,,,,,,,,,,,,,,,,,,,,,,,
1847,,,,,,,,,,,,,,,,,,,,,,,,,,,,,,,,,,,,,,,,,,,,,,,,,,,,,,,,,,,,,,,,,,,,,,,,,,,,,,,,,,
1848,,,,,,,,,,,,,,,,,,,,,,,,,,,,,,,,,,,,,,,,,,,,,,,,,,,,,,,,,,,,,,,,,,,,,,,,,,,,,,,,,,
1849,,,,,,,,,,,,,,,,,,,,,,,,,,,,,,,,,,,,,,,,,,,,,,,,,,,,,,,,,,,,,,,,,,,,,,,,,,,,,,,,,,
1850,,,,,,,,,,,,,,,,,,,,,,,,,,,,,,,,,,,,,,,,,,,,,,,,,,,,,,,,,,,,,,,,,,,,,,,,,,,,,,,,,,
1851,,,,,,,,,,,,,,,,,,,,,,,,,,,,,,,,,,,,,,,,,,,,,,,,,,,,,,,,,,,,,,,,,,,,,,,,,,,,,,,,,,
1852,,,,,,,,,,,,,,,,,,,,,,,,,,,,,,,,,,,,,,,,,,,,,,,,,,,,,,,,,,,,,,,,,,,,,,,,,,,,,,,,,,
1853,,,,,,,,,,,,,,,,,,,,,,,,,,,,,,,,,,,,,,,,,,,,,,,,,,,,,,,,,,,,,,,,,,,,,,,,,,,,,,,,,,
1854,,,,,,,,,,,,,,,,,,,,,,,,,,,,,,,,,,,,,,,,,,,,,,,,,,,,,,,,,,,,,,,,,,,,,,,,,,,,,,,,,,
1855,,,,,,,,,,,,,,,,,,,,,,,,,,,,,,,,,,,,,,,,,,,,,,,,,,,,,,,,,,,,,,,,,,,,,,,,,,,,,,,,,,
1856,,,,,,,,,,,,,,,,,,,,,,,,,,,,,,,,,,,,,,,,,,,,,,,,,,,,,,,,,,,,,,,,,,,,,,,,,,,,,,,,,,
1857,,,,,,,,,,,,,,,,,,,,,,,,,,,,,,,,,,,,,,,,,,,,,,,,,,,,,,,,,,,,,,,,,,,,,,,,,,,,,,,,,,
1858,,,,,,,,,,,,,,,,,,,,,,,,,,,,,,,,,,,,,,,,,,,,,,,,,,,,,,,,,,,,,,,,,,,,,,,,,,,,,,,,,,
1859,,,,,,,,,,,,,,,,,,,,,,,,,,,,,,,,,,,,,,,,,,,,,,,,,,,,,,,,,,,,,,,,,,,,,,,,,,,,,,,,,,
1860,,,,,,,,,,,,,,,,,,,,,,,,,,,,,,,,,,,,,,,,,,,,,,,,,,,,,,,,,,,,,,,,,,,,,,,,,,,,,,,,,,
1861,,,,,,,,,,,,,,,,,,,,,,,,,,,,,,,,,,,,,,,,,,,,,,,,,,,,,,,,,,,,,,,,,,,,,,,,,,,,,,,,,,
1862,,,,,,,,,,,,,,,,,,,,,,,,,,,,,,,,,,,,,,,,,,,,,,,,,,,,,,,,,,,,,,,,,,,,,,,,,,,,,,,,,,
1863,,,,,,,,,,,,,,,,,,,,,,,,,,,,,,,,,,,,,,,,,,,,,,,,,,,,,,,,,,,,,,,,,,,,,,,,,,,,,,,,,,
1864,,,,,,,,,,,,,,,,,,,,,,,,,,,,,,,,,,,,,,,,,,,,,,,,,,,,,,,,,,,,,,,,,,,,,,,,,,,,,,,,,,
1865,,,,,,,,,,,,,,,,,,,,,,,,,,,,,,,,,,,,,,,,,,,,,,,,,,,,,,,,,,,,,,,,,,,,,,,,,,,,,,,,,,
1866,,,,,,,,,,,,,,,,,,,,,,,,,,,,,,,,,,,,,,,,,,,,,,,,,,,,,,,,,,,,,,,,,,,,,,,,,,,,,,,,,,
1867,,,,,,,,,,,,,,,,,,,,,,,,,,,,,,,,,,,,,,,,,,,,,,,,,,,,,,,,,,,,,,,,,,,,,,,,,,,,,,,,,,
1868,,,,,,,,,,,,,,,,,,,,,,,,,,,,,,,,,,,,,,,,,,,,,,,,,,,,,,,,,,,,,,,,,,,,,,,,,,,,,,,,,,
1869,,,,,,,,,,,,,,,,,,,,,,,,,,,,,,,,,,,,,,,,,,,,,,,,,,,,,,,,,,,,,,,,,,,,,,,,,,,,,,,,,,
1870,,,,,,,,,,,,,,,,,,,,,,,,,,,,,,,,,,,,,,,,,,,,,,,,,,,,,,,,,,,,,,,,,,,,,,,,,,,,,,,,,,
1871,,,,,,,,,,,,,,,,,,,,,,,,,,,,,,,,,,,,,,,,,,,,,,,,,,,,,,,,,,,,,,,,,,,,,,,,,,,,,,,,,,
1872,,,,,,,,,,,,,,,,,,,,,,,,,,,,,,,,,,,,,,,,,,,,,,,,,,,,,,,,,,,,,,,,,,,,,,,,,,,,,,,,,,
1873,,,,,,,,,,,,,,,,,,,,,,,,,,,,,,,,,,,,,,,,,,,,,,,,,,,,,,,,,,,,,,,,,,,,,,,,,,,,,,,,,,
1874,,,,,,,,,,,,,,,,,,,,,,,,,,,,,,,,,,,,,,,,,,,,,,,,,,,,,,,,,,,,,,,,,,,,,,,,,,,,,,,,,,
1875,,,,,,,,,,,,,,,,,,,,,,,,,,,,,,,,,,,,,,,,,,,,,,,,,,,,,,,,,,,,,,,,,,,,,,,,,,,,,,,,,,
1876,,,,,,,,,,,,,,,,,,,,,,,,,,,,,,,,,,,,,,,,,,,,,,,,,,,,,,,,,,,,,,,,,,,,,,,,,,,,,,,,,,
1877,,,,,,,,,,,,,,,,,,,,,,,,,,,,,,,,,,,,,,,,,,,,,,,,,,,,,,,,,,,,,,,,,,,,,,,,,,,,,,,,,,
1878,,,,,,,,,,,,,,,,,,,,,,,,,,,,,,,,,,,,,,,,,,,,,,,,,,,,,,,,,,,,,,,,,,,,,,,,,,,,,,,,,,
1879,,,,,,,,,,,,,,,,,,,,,,,,,,,,,,,,,,,,,,,,,,,,,,,,,,,,,,,,,,,,,,,,,,,,,,,,,,,,,,,,,,
1880,,,,,,,,,,,,,,,,,,,,,,,,,,,,,,,,,,,,,,,,,,,,,,,,,,,,,,,,,,,,,,,,,,,,,,,,,,,,,,,,,,
1881,,,,,,,,,,,,,,,,,,,,,,,,,,,,,,,,,,,,,,,,,,,,,,,,,,,,,,,,,,,,,,,,,,,,,,,,,,,,,,,,,,
1882,,,,,,,,,,,,,,,,,,,,,,,,,,,,,,,,,,,,,,,,,,,,,,,,,,,,,,,,,,,,,,,,,,,,,,,,,,,,,,,,,,
1883,,,,,,,,,,,,,,,,,,,,,,,,,,,,,,,,,,,,,,,,,,,,,,,,,,,,,,,,,,,,,,,,,,,,,,,,,,,,,,,,,,
1884,,,,,,,,,,,,,,,,,,,,,,,,,,,,,,,,,,,,,,,,,,,,,,,,,,,,,,,,,,,,,,,,,,,,,,,,,,,,,,,,,,
1885,,,,,,,,,,,,,,,,,,,,,,,,,,,,,,,,,,,,,,,,,,,,,,,,,,,,,,,,,,,,,,,,,,,,,,,,,,,,,,,,,,
1886,,,,,,,,,,,,,,,,,,,,,,,,,,,,,,,,,,,,,,,,,,,,,,,,,,,,,,,,,,,,,,,,,,,,,,,,,,,,,,,,,,
1887,,,,,,,,,,,,,,,,,,,,,,,,,,,,,,,,,,,,,,,,,,,,,,,,,,,,,,,,,,,,,,,,,,,,,,,,,,,,,,,,,,
1888,,,,,,,,,,,,,,,,,,,,,,,,,,,,,,,,,,,,,,,,,,,,,,,,,,,,,,,,,,,,,,,,,,,,,,,,,,,,,,,,,,
1889,,,,,,,,,,,,,,,,,,,,,,,,,,,,,,,,,,,,,,,,,,,,,,,,,,,,,,,,,,,,,,,,,,,,,,,,,,,,,,,,,,
1890,,,,,,,,,,,,,,,,,,,,,,,,,,,,,,,,,,,,,,,,,,,,,,,,,,,,,,,,,,,,,,,,,,,,,,,,,,,,,,,,,,
1891,,,,,,,,,,,,,,,,,,,,,,,,,,,,,,,,,,,,,,,,,,,,,,,,,,,,,,,,,,,,,,,,,,,,,,,,,,,,,,,,,,
1892,,,,,,,,,,,,,,,,,,,,,,,,,,,,,,,,,,,,,,,,,,,,,,,,,,,,,,,,,,,,,,,,,,,,,,,,,,,,,,,,,,
1893,,,,,,,,,,,,,,,,,,,,,,,,,,,,,,,,,,,,,,,,,,,,,,,,,,,,,,,,,,,,,,,,,,,,,,,,,,,,,,,,,,
1894,,,,,,,,,,,,,,,,,,,,,,,,,,,,,,,,,,,,,,,,,,,,,,,,,,,,,,,,,,,,,,,,,,,,,,,,,,,,,,,,,,
1895,,,,,,,,,,,,,,,,,,,,,,,,,,,,,,,,,,,,,,,,,,,,,,,,,,,,,,,,,,,,,,,,,,,,,,,,,,,,,,,,,,
1896,,,,,,,,,,,,,,,,,,,,,,,,,,,,,,,,,,,,,,,,,,,,,,,,,,,,,,,,,,,,,,,,,,,,,,,,,,,,,,,,,,
1897,,,,,,,,,,,,,,,,,,,,,,,,,,,,,,,,,,,,,,,,,,,,,,,,,,,,,,,,,,,,,,,,,,,,,,,,,,,,,,,,,,
1898,,,,,,,,,,,,,,,,,,,,,,,,,,,,,,,,,,,,,,,,,,,,,,,,,,,,,,,,,,,,,,,,,,,,,,,,,,,,,,,,,,
1899,,,,,,,,,,,,,,,,,,,,,,,,,,,,,,,,,,,,,,,,,,,,,,,,,,,,,,,,,,,,,,,,,,,,,,,,,,,,,,,,,,
1900,,,,,,,,,,,,,,,,,,,,,,,,,,,,,,,,,,,,,,,,,,,,,,,,,,,,,,,,,,,,,,,,,,,,,,,,,,,,,,,,,,
